Year	Chla	Secchi	DIN	PO4
1850	0.384410308	8.084533502	1.642335393	0.180289952
1851	0.323314483	8.161013224	1.507030286	0.160116892
1852	0.341701325	8.137843723	1.325026786	0.151117634
1853	0.339409	8.140725298	1.294468762	0.15699157
1854	0.328405408	8.154585308	1.145308286	0.136357366
1855	0.349321408	8.128279452	1.272774167	0.162134548
1856	0.3625601	8.111716995	1.205529548	0.148545925
1857	0.374728608	8.096554694	1.336268405	0.160032237
1858	0.331615783	8.150536812	1.211338786	0.138315871
1859	0.394726092	8.071766822	1.159519595	0.146046505
1860	0.370194242	8.102197724	1.224692167	0.147430226
1861	0.345812483	8.132680849	1.302402524	0.143005269
1862	0.343607367	8.135449266	1.176041643	0.144343677
1863	0.483688508	7.96349054	1.4098075	0.17071157
1864	0.387841533	8.080282258	1.230765048	0.148858441
1865	0.335169217	8.146060238	1.261718095	0.145843484
1866	0.395835475	8.070396446	1.324352643	0.153854032
1867	0.316405017	8.169752636	1.392449381	0.16145328
1868	0.375029025	8.096181117	1.283570429	0.163021903
1869	0.386975983	8.081354212	1.29530069	0.162189753
1870	0.375370917	8.095756008	1.325869595	0.148092634
1871	0.285866817	8.208582617	1.231388833	0.141900645
1872	0.289866967	8.203478089	1.189652	0.135969183
1873	0.32341295	8.160888806	1.227537714	0.14098557
1874	0.39777325	8.068004	1.252335571	0.146982301
1875	0.336145775	8.144830822	1.203437024	0.14138072
1876	0.331737058	8.150383952	1.359064238	0.165302204
1877	0.262592517	8.238383715	1.136810405	0.13123729
1878	0.380584167	8.089279671	1.193717548	0.136714925
1879	0.303314667	8.186357409	1.117947095	0.133021204
1880	0.3288558	8.1540171	1.172742619	0.134207828
1881	0.352755492	8.123976579	1.256506952	0.151464409
1882	0.396124575	8.070039416	1.239712452	0.151561301
1883	0.331445042	8.15075203	1.357562286	0.148514161
1884	0.321017492	8.163916613	1.4149295	0.155075441
1885	0.350746375	8.126493424	1.230042071	0.155959484
1886	0.356674617	8.119071599	1.334995714	0.170184903
1887	0.394174433	8.07244845	1.363777357	0.154538957
1888	0.273258475	8.224705889	1.301285881	0.153973151
1889	0.385367092	8.083347579	1.463965071	0.175482806
1890	0.398994925	8.066496465	1.266720738	0.146783484
1891	0.378637525	8.091696671	1.327524262	0.151457602
1892	0.326202042	8.15736614	1.317988262	0.156679667
1893	0.343703208	8.135328902	1.253500881	0.148681204
1894	0.410193933	8.052705539	1.551262881	0.169883151
1895	0.37485945	8.096391984	1.290008881	0.159360903
1896	0.407736525	8.05572728	1.433549929	0.170088269
1897	0.331868542	8.150218232	1.26679731	0.138735097
1898	0.398483925	8.06712696	1.348782643	0.158124495
1899	0.359175367	8.115944945	1.26996731	0.145746301
1900	0.361601333	8.112914152	1.238199238	0.154951946
1901	0.339877592	8.140136089	1.262842667	0.156339086
1902	0.373643958	8.097903793	1.277012595	0.164844925
1903	0.479929975	7.967998499	1.096569214	0.156175323
1904	0.386104192	8.082434205	1.230356643	0.152141785
1905	0.458232425	7.994137365	1.398781714	0.168238452
1906	0.483720417	7.963452295	1.263964452	0.161196892
1907	0.4183277	8.042721647	1.38459231	0.160775011
1908	0.357704842	8.117783224	1.273469286	0.153712161
1909	0.459780533	7.992265876	1.254660357	0.15862143
1910	0.455634317	7.997280429	1.307051143	0.158451538
1911	0.465010467	7.985950856	1.33557669	0.165158774
1912	0.439630158	8.016703435	1.284399381	0.156306011
1913	0.468995217	7.981147011	1.247030429	0.170527075
1914	0.503856033	7.939402042	1.594409071	0.192279656
1915	0.49545755	7.949412832	1.262648143	0.170206183
1916	0.493937908	7.951227337	1.271470929	0.181979731
1917	0.503157958	7.940233016	1.288393357	0.166146419
1918	0.530493192	7.907844401	1.500653143	0.189496935
1919	0.496737442	7.947885341	1.217473048	0.155275806
1920	0.571065367	7.860338099	1.348223929	0.173918258
1921	0.4978841	7.946517436	1.359103738	0.172007484
1922	0.552576617	7.881903267	1.499162048	0.189081785
1923	0.547682042	7.887635618	1.477769048	0.193770462
1924	0.48474055	7.962229782	1.701652333	0.192842828
1925	0.482487542	7.964930333	1.605117167	0.178743753
1926	0.556014958	7.877882261	1.529967524	0.185943656
1927	0.550773708	7.884013629	1.590322976	0.187903022
1928	0.52405255	7.915447907	1.544167238	0.177807065
1929	0.492062025	7.953468529	1.56616169	0.178370591
1930	0.622671875	7.800874714	1.704796214	0.189435
1931	0.583652008	7.84573652	1.783140238	0.202164849
1932	0.5688305	7.862937445	1.811417571	0.210240871
1933	0.575051283	7.855707158	1.66143869	0.194617462
1934	0.692359733	7.722244622	1.65532931	0.190158624
1935	0.697226075	7.716823779	1.838284738	0.202792
1936	0.619501283	7.804497337	1.819893714	0.189986946
1937	0.65712745	7.761762041	1.651039071	0.196350355
1938	0.635813033	7.785902383	1.665534833	0.194689333
1939	0.698113267	7.715836465	1.755727024	0.198448387
1940	0.523143717	7.916522209	1.734719714	0.202123462
1941	0.604595658	7.821581587	1.633024286	0.198778118
1942	0.606141842	7.819805296	1.551099429	0.201896
1943	0.799894142	7.604510848	1.750197952	0.20977272
1944	0.744324758	7.664818941	1.674844786	0.199857204
1945	0.7199864	7.691588913	1.935962929	0.212948602
1946	0.725834725	7.685136175	1.905442214	0.222828699
1947	0.636832875	7.784743275	1.620465024	0.192954462
1948	0.816801417	7.586381563	1.636653667	0.195898785
1949	0.877346283	7.522277439	1.725319262	0.217803968
1950	0.773296942	7.633236629	1.994555143	0.225301194
1951	0.622282967	7.801318855	1.917591286	0.200989301
1952	0.806518417	7.597395738	2.042368119	0.250743398
1953	0.6843725	7.731161527	1.987481333	0.207370688
1954	0.723648217	7.687547159	1.889374429	0.21846257
1955	0.726527783	7.684372337	2.0779015	0.233208624
1956	0.621453408	7.802266427	2.268899429	0.251892688
1957	0.638032733	7.783380092	2.431900976	0.247744247
1958	0.621588917	7.802111622	2.25844	0.232687516
1959	0.751308833	7.65717757	2.289033071	0.217161591
1960	0.730707133	7.679769957	1.95216381	0.215062355
1961	0.73094455	7.679508704	2.641858071	0.250261301
1962	0.772583	7.634011216	2.563263286	0.250083645
1963	0.592776917	7.835190835	2.40906831	0.232406387
1964	0.6642825	7.753698037	2.437466357	0.235333613
1965	0.675538383	7.741052314	2.59530969	0.246991516
1966	0.543452875	7.892596564	2.655950048	0.23895329
1967	0.544736383	7.891090194	2.89131269	0.254309032
1968	0.624232467	7.799093091	3.414683357	0.275466774
1969	0.525981983	7.913168319	2.987694095	0.250035656
1970	0.682791083	7.732929902	3.037411905	0.280776634
1971	0.797943592	7.606608898	3.234689667	0.290196634
1972	0.905050767	7.493360244	3.217173857	0.315466935
1973	0.904193967	7.494250712	2.992960357	0.293741978
1974	0.999696133	7.396462568	3.238730262	0.324408645
1975	0.941517325	7.455684513	3.801592476	0.342284753
1976	1.0498054	7.34629978	3.395676738	0.334059731
1977	1.108949217	7.288061583	3.133160571	0.341877925
1978	1.204276325	7.19630311	2.8805205	0.317575441
1979	0.980157967	7.416231633	3.087329929	0.316526785
1980	1.236535417	7.165817152	3.490029905	0.330544011
1981	1.18172285	7.217784046	3.713751	0.368381258
1982	1.054539967	7.341599565	4.041632905	0.360120172
1983	1.761850533	6.704496712	3.437996357	0.394673882
1984	1.783534433	6.686718112	3.758452976	0.427151312
1985	1.553746075	6.879893283	2.768580381	0.348315097
1986	1.785463108	6.68514114	3.478120667	0.401871075
1987	1.745233233	6.718182414	2.94645819	0.397882645
1988	1.639634325	6.806427305	3.28743219	0.412958269
1989	2.720591417	5.991636595	3.103128	0.42615457
1990	2.50728205	6.138770202	2.667372167	0.398101946
1991	2.465666642	6.168156026	2.624177548	0.400077871
1992	2.934123967	5.849812078	2.626647595	0.414212032
1993	2.469309967	6.16557415	2.983638786	0.424379484
1994	1.6955778	6.759399474	3.058330619	0.394954989
1995	2.341222392	6.257434931	3.03390419	0.390450817
1996	1.646984325	6.800212233	2.588902976	0.351164075
1997	2.507230833	6.138806227	2.847667095	0.382278344
1998	2.450768192	6.178732528	2.618990738	0.422647903
1999	1.741971408	6.720875077	3.135081333	0.381823215
2000	2.671878592	6.024738104	3.148866667	0.437780667
2001	1.812562092	6.663058144	2.538190238	0.330098505
2002	1.96785295	6.539099966	2.819976762	0.37033657
2003	2.067572267	6.461709683	2.527956833	0.377090538
2004	2.470065908	6.165038667	2.286170381	0.374617667
2005	3.0329467	5.785892512	3.074394119	0.434761871
2006	2.228554475	6.340163921	2.792483381	0.421468796
2007	2.4665186	6.167552119	3.019002571	0.397691258
2008	2.522384375	6.128162652	2.761443524	0.419560742
2009	2.242320675	6.329955491	2.096783429	0.400899226
2010	2.011836283	6.504759867	2.392826024	0.41400414
2011	1.92560235	6.572400329	2.211111667	0.352771022
2012	2.289040717	6.295519802	2.722628714	0.411672527
2013	2.173817217	6.381038611	2.36856569	0.383347946
2014	1.982931825	6.527290022	2.153500881	0.333630892
2015	1.66638675	6.783859022	2.123696905	0.320805989
2016	1.512953575	6.915342464	1.906526619	0.277980462
2017	2.019828475	6.49855505	2.21802231	0.357403903
2018	2.294092442	6.291815575	2.102435976	0.351096344
2019	1.964420033	6.541794116	2.192910548	0.348982355
2020	1.553115375	6.880438594	1.973143548	0.327642086
2021	1.495025058	6.931039288	2.24529019	0.330136172
2022	1.808364542	6.666469688	2.72412069	0.385981452
2023	1.660167542	6.789092466	2.355176095	0.305650656
2024	1.8256161	6.652469578	2.341116548	0.331662602
2025	1.942010467	6.559431165	2.456846595	0.349373204
2026	1.909154742	6.585448224	2.452547548	0.385341505
2027	1.706943642	6.749922129	2.058419524	0.300224398
2028	1.26446565	7.139645302	2.031205738	0.263212817
2029	1.184921967	7.214728599	2.173789286	0.298898602
2030	1.430522333	6.988117394	2.345074405	0.301858699
2031	1.422514217	6.995270988	2.871436786	0.364420022
2032	1.203718308	7.196832919	2.160018714	0.303380806
2033	1.132827208	7.264837653	1.906352452	0.254635226
2034	0.97037255	7.426177782	2.322718167	0.261591441
2035	0.98003675	7.416354656	2.51527769	0.281116151
2036	0.263390225	8.237359583	2.594276429	0.286448398
2037	1.498187075	6.928265635	2.30005469	0.395365559
2038	1.017458808	7.378592987	1.775999405	0.257506409
2039	1.00564345	7.390468595	2.478274381	0.274395054
2040	1.0967957	7.299945237	2.28014119	0.267999247
2041	1.3420078	7.068038863	3.032825214	0.349454903
2042	1.134617167	7.263103284	2.91069531	0.328943527
2043	0.929116067	7.468448188	2.618137286	0.299627559
2044	0.967935733	7.428659339	2.312199381	0.250826065
2045	0.784947158	7.620622792	2.397895	0.25445071
2046	0.766896958	7.640186852	2.710773881	0.265259989
2047	1.007215592	7.388885951	2.505905381	0.261416226
2048	0.894979575	7.503842598	2.308997476	0.262499914
2049	1.096994617	7.299750392	2.167663929	0.333373462
2050	0.925091067	7.472601574	2.343560071	0.300376161
2051	0.8442112	7.557203806	2.374574333	0.278754656
2052	0.758385892	7.649452729	2.541218286	0.257882753
2053	0.858308442	7.54229861	2.034305071	0.232712097
2054	1.058444625	7.337728289	2.596266857	0.281724387
2055	0.800244433	7.60413421	2.313025357	0.240265516
2056	0.624595183	7.79867914	2.519308357	0.26802543
2057	0.272269142	8.225973147	2.269006	0.279652118
2058	1.216142667	7.185056539	2.096726119	0.365470634
2059	1.127555217	7.26995121	2.349726405	0.290903237
2060	1.210547567	7.190354676	2.338325333	0.289464978
2061	0.742306133	7.667030892	2.133442167	0.246673763
2062	0.937262258	7.460058305	2.179904048	0.232915871
2063	0.757209075	7.650735992	2.002394881	0.209452656
2064	0.669991933	7.747277514	2.130412333	0.218207645
2065	0.927935342	7.469666026	2.229341619	0.272975258
2066	0.857543342	7.54310581	2.319806762	0.266456538
2067	0.684620183	7.730884648	2.560884	0.256711677
2068	0.892881208	7.506030886	2.242868619	0.269311602
2069	0.647382925	7.77277649	2.334344857	0.255991258
2070	0.667629958	7.749932137	2.419982119	0.248046925
2071	0.705731425	7.707370846	2.60316519	0.258797376
2072	0.6414163	7.779538997	2.299128024	0.239421828
2073	0.563539783	7.869099099	2.38143669	0.240060903
2074	0.711343558	7.701148433	2.379696167	0.244125806
2075	0.596538483	7.830853328	2.621812405	0.247154419
2076	0.519572025	7.920747488	2.164235619	0.222803914
2077	0.585585758	7.843498878	2.100943333	0.210076591
2078	0.618531667	7.805605988	2.279426595	0.224680323
2079	0.584138508	7.845173423	2.134084929	0.213285763
2080	0.616696617	7.807705188	2.469528	0.238104731
2081	0.640622442	7.780439798	2.20744869	0.215634376
2082	0.612429183	7.812592078	2.050156524	0.224568387
2083	0.585260492	7.843875155	2.219090452	0.242005613
2084	0.386578675	8.081846367	2.270377786	0.207889161
2085	0.623232575	7.80023449	2.316654452	0.221510215
2086	0.545452542	7.890249979	2.055278548	0.218274903
2087	0.50813315	7.934315066	2.094766857	0.21558029
2088	0.443966308	8.011430461	2.296486476	0.217539634
2089	0.444143233	8.011215478	2.30729669	0.213192387
2090	0.453267383	8.000146275	2.249290071	0.204486237
2091	0.529178358	7.90939524	2.188561619	0.206258215
2092	0.475084633	7.973818644	2.392417476	0.211117667
2093	0.464896367	7.986088507	2.105299714	0.191521258
2094	0.501657742	7.942019525	2.136164	0.200033817
2095	0.61472355	7.809963763	2.527071643	0.244930022
2096	0.60281375	7.823629869	2.2138715	0.198038473
2097	0.420039375	8.04062411	2.336031095	0.205141172
2098	0.399091233	8.066377648	2.307670905	0.194266677
2099	0.562571625	7.870227864	1.890125143	0.201978452
2100	0.491759158	7.953830513	2.115387357	0.198080785
2101	0.593330558	7.834552068	2.1131885	0.208431699
2102	0.647702242	7.772414973	2.27662381	0.231311753
2103	0.523544467	7.916048454	2.116948214	0.209946731
2104	0.517434575	7.923278593	1.949222524	0.203519989
2105	0.487364383	7.959087406	2.206422167	0.212219763
2106	0.596585558	7.830799081	2.401528667	0.238015785
2107	0.58359945	7.845797359	2.310737357	0.212268355
2108	0.536024067	7.901328555	2.103395429	0.21324957
2109	0.458168608	7.994214533	2.153846095	0.218358484
2110	0.562379592	7.870451799	1.892620881	0.207425892
2111	0.464624475	7.986416542	2.207859238	0.200335699
2112	0.48499745	7.961921985	2.181984	0.199527484
2113	0.469109025	7.981009906	2.713103024	0.254684215
2114	0.4239186	8.035874879	2.022766738	0.187684688
2115	0.495557067	7.949294039	2.228559024	0.222398086
2116	0.398110475	8.067587807	2.026309976	0.210681763
2117	0.310785708	8.176873055	2.051077476	0.180382903
2118	0.364930883	8.1087583	2.0002415	0.174570344
2119	0.377120567	8.093581224	2.225968405	0.199944828
2120	0.554582292	7.879557122	2.328022381	0.229276108
2121	0.398304375	8.067348522	2.018370429	0.187699538
2122	0.3870419	8.081272566	1.926037119	0.186264237
2123	0.396820142	8.06918055	2.073265214	0.189449484
2124	0.426881992	8.032251076	2.013547095	0.188323022
2125	0.458351192	7.993993754	2.037288976	0.180749387
2126	0.354664275	8.121586888	2.327237048	0.223101871
2127	0.387034433	8.081281814	1.815538429	0.170706237
2128	0.529112733	7.909472663	2.124552976	0.187851258
2129	0.426429442	8.032804244	2.21493919	0.209329484
2130	0.50485085	7.938218183	2.166515524	0.214072172
2131	0.350080617	8.127327775	2.189961167	0.199797946
2132	0.425219083	8.034284126	2.246267881	0.208044355
2133	0.442896358	8.012730847	2.104444119	0.200073323
2134	0.386822217	8.081544679	2.228948667	0.19217172
2135	0.433048933	8.024721461	2.108094	0.185659978
2136	0.319934125	8.165286661	2.033176167	0.170354226
2137	0.294179258	8.197981238	2.046228571	0.170517161
2138	0.315949375	8.170329568	2.167321881	0.192401817
2139	0.512899742	7.928654862	2.275697476	0.196678527
2140	0.311667708	8.175754687	2.279808405	0.191687473
2141	0.5548025	7.879299633	2.285241286	0.216749785
2142	0.41038585	8.052469654	2.125855524	0.192310699
2143	0.366762842	8.10647358	2.017540405	0.18263514
2144	0.443374167	8.012150074	2.506649024	0.218327624
2145	0.422185867	8.037995448	2.037109405	0.187528484
2146	0.287934325	8.20594364	2.232171143	0.195788828
2147	0.511749817	7.930019507	2.278047262	0.203600409
2148	0.342709267	8.136577326	1.832969786	0.171540011
2149	0.512612392	7.928995816	1.728455	0.193365839
2150	0.33892775	8.141330512	1.967358381	0.18662029
2151	0.414816908	8.047027663	2.101178548	0.197485763
2152	0.413219917	8.04898807	2.077249786	0.182452538
2153	0.445169608	8.009968575	2.139793048	0.194192925
2154	0.384628183	8.084263416	2.044660595	0.197661376
2155	0.692915533	7.721625035	2.004242881	0.227035065
2156	0.450100117	8.003984802	2.066317595	0.201712398
2157	0.369503167	8.103058492	2.072898929	0.187834366
2158	0.49456645	7.95047672	2.253080619	0.204532495
2159	0.378444442	8.091936491	2.266317024	0.184755118
2160	0.393599442	8.073159041	2.061950214	0.202901613
2161	0.55338815	7.880953775	2.271171714	0.223593925
2162	0.470842458	7.978922299	2.356091143	0.225825828
2163	0.454861108	7.998216361	2.011646429	0.20758286
2164	0.448101442	8.006409219	1.971525071	0.181942032
2165	0.611819133	7.813291275	2.453244238	0.243896366
2166	0.431870367	8.026159229	2.126639476	0.212756065
2167	0.425162792	8.034352968	2.291142333	0.211007215
2168	0.477884283	7.970454558	2.262059738	0.222242731
2169	0.504103425	7.939107601	2.0823935	0.202159151
2170	0.391580117	8.075655648	2.039585619	0.192694505
2171	0.371719717	8.100298347	2.188808667	0.200416301
2172	0.249177192	8.255633596	1.783355524	0.164903656
2173	0.41871445	8.042247606	2.147281381	0.194588656
2174	0.442553533	8.013147607	2.170835524	0.201328086
2175	0.335869975	8.145177997	1.974422286	0.199905624
2176	0.527028308	7.911932748	1.977400452	0.216621161
2177	0.304010992	8.185472601	1.986972786	0.195968462
2178	0.3748549	8.096397642	2.176952167	0.199553086
2179	0.370662658	8.101614397	2.085541762	0.182159763
2180	0.313086608	8.173956123	2.022019595	0.189512645
2181	0.36495795	8.108724534	2.096403667	0.181770409
2182	0.311312575	8.176204959	2.046345762	0.184069409
2183	0.35136115	8.12572312	1.990036381	0.185434871
2184	0.488678808	7.95751429	2.191816595	0.210069785
2185	0.386403033	8.082063959	2.146102952	0.178603699
2186	0.385188883	8.083568438	2.223420214	0.210857828
2187	0.314889517	8.171671851	1.95926881	0.178441903
2188	0.330777708	8.151593305	1.993503143	0.184506473
2189	0.269165983	8.229949989	1.875343024	0.181739247
2190	0.384532925	8.084381499	2.0611695	0.188990215
2191	0.432912142	8.024888308	2.319884929	0.212037914
2192	0.359450292	8.11560136	2.331363929	0.210015409
2193	0.422946942	8.037063869	2.17660081	0.193406796
2194	0.392519575	8.074493935	2.152288548	0.190416473
2195	0.471039683	7.978684856	2.040885286	0.195657
2196	0.400001525	8.065254791	2.220190595	0.194195688
2197	0.390099325	8.077487492	2.000609381	0.195132301
2198	0.340790742	8.138988133	1.876111976	0.186035817
2199	0.476426883	7.972205376	2.132534214	0.206853355
2200	0.381168433	8.088554529	1.919652071	0.182650892
