Year	Chla	Secchi	DIN	PO4
1850	0.074217383	7.215976429	2.805786929	0.050577661
1851	0.05878355	7.223824884	2.712907667	0.043384785
1852	0.070896408	7.217783504	2.762750643	0.050380505
1853	0.027576617	7.232697115	2.680324762	0.045583656
1854	0.067813317	7.219407593	2.726271024	0.051846581
1855	0.076947558	7.214449238	2.623693381	0.049459968
1856	0.068992175	7.218792958	2.543493571	0.042424441
1857	0.076597092	7.214647286	2.637438619	0.052020806
1858	0.037130275	7.231482003	2.566932643	0.051950495
1859	0.067732933	7.219449209	2.587399262	0.056814301
1860	0.035560117	7.231804563	2.652322738	0.056339882
1861	0.068205025	7.219204256	2.578808786	0.052867043
1862	0.101638717	7.199270181	2.460503643	0.053742204
1863	0.071895483	7.217245947	2.361391048	0.049389613
1864	0.083142267	7.210857467	2.455758429	0.052239516
1865	0.104016908	7.197702268	2.426010238	0.051079882
1866	0.069286292	7.218638368	2.356385786	0.052731645
1867	0.090438658	7.206426788	2.4709355	0.057793925
1868	0.086638183	7.208759768	2.441260214	0.052163559
1869	0.0771813	7.214316829	2.351891738	0.052850667
1870	0.0415044	7.230379296	2.384525214	0.052943774
1871	0.070494667	7.217998142	2.406879405	0.053058462
1872	0.033243583	7.232200491	2.401300548	0.054025419
1873	0.075732592	7.215133318	2.469487071	0.05793557
1874	0.0980168	7.201627125	2.4094205	0.058130151
1875	0.079630775	7.212914172	2.388158405	0.053972043
1876	0.068102183	7.219257728	2.387111381	0.047915473
1877	0.078862758	7.213356889	2.438653071	0.055108204
1878	0.045791842	7.229045318	2.455279286	0.060856269
1879	0.087886167	7.207999511	2.485802452	0.05979472
1880	0.047008325	7.228626769	2.40765131	0.058035914
1881	0.066764367	7.219947643	2.421835143	0.05291786
1882	0.051701767	7.226865212	2.433571595	0.053070237
1883	0.080193575	7.212588093	2.496282119	0.052062161
1884	0.092015933	7.205443442	2.491934571	0.056568129
1885	0.090054708	7.206664849	2.404413595	0.054321032
1886	0.080895792	7.212179303	2.412721095	0.051707344
1887	0.083436617	7.210682719	2.3875125	0.050772118
1888	0.0741776	7.215998412	2.446028762	0.051917312
1889	0.056544192	7.224831117	2.456695452	0.053972731
1890	0.027810358	7.232691807	2.525161357	0.060077613
1891	0.089985408	7.206707762	2.558041595	0.057584484
1892	0.065989933	7.220342109	2.472308238	0.058947624
1893	0.084700408	7.209928469	2.495442286	0.057180333
1894	0.044701417	7.229406048	2.443719262	0.053347624
1895	0.0672231	7.219712271	2.43717719	0.048966409
1896	0.072170233	7.217097185	2.448400595	0.050309828
1897	0.038271975	7.231222016	2.547335	0.053125387
1898	0.030642617	7.232518833	2.517148976	0.051956301
1899	0.082570017	7.21119618	2.537989143	0.053125387
1900	0.080973783	7.212133769	2.544257667	0.052755323
1901	0.080546492	7.212382912	2.556832524	0.051590559
1902	0.073076033	7.216603941	2.519261524	0.05165929
1903	0.080252842	7.212553674	2.578203262	0.051752108
1904	0.100131617	7.200255567	2.472372619	0.05286714
1905	0.059229567	7.223619885	2.419099167	0.052913269
1906	0.045989767	7.228978359	2.500618714	0.058400527
1907	0.0566118	7.224801315	2.515412595	0.056660301
1908	0.075976658	7.214996464	2.390356952	0.043137871
1909	0.094613983	7.203805386	2.527834857	0.054835419
1910	0.021460425	7.23224801	2.512516643	0.049223247
1911	0.079487917	7.21299672	2.585550357	0.055477462
1912	0.102667658	7.198593733	2.664072952	0.063910118
1913	0.079036825	7.21325678	2.419860405	0.043380796
1914	0.0920304	7.205434384	2.511325262	0.050916505
1915	0.0876596	7.208137965	2.528383762	0.051503839
1916	0.080856592	7.212202179	2.4959545	0.048408882
1917	0.078218642	7.213726142	2.587766238	0.053644581
1918	0.078242033	7.213712765	2.582103833	0.053159258
1919	0.065685142	7.22049635	2.631456262	0.050658075
1920	0.0285572	7.232665317	2.678732167	0.05371814
1921	0.030027492	7.232572691	2.681526405	0.049904602
1922	0.059472467	7.22350762	2.696908476	0.049557032
1923	0.105029808	7.197029792	2.843170786	0.058045161
1924	0.081002017	7.212117279	2.899208667	0.056846366
1925	0.0879893	7.207936423	2.943743381	0.05423857
1926	0.069388608	7.218584474	2.930767476	0.052989194
1927	0.083858075	7.210431899	2.919616667	0.05195328
1928	0.095993625	7.202926598	3.099337857	0.055798645
1929	0.086906983	7.208596512	3.059993476	0.056460097
1930	0.035130492	7.231885417	3.080910214	0.05652314
1931	0.053209858	7.226253743	3.15590081	0.05902371
1932	0.071997217	7.217190911	3.111543357	0.052223183
1933	0.069794375	7.218370164	3.232974786	0.051658226
1934	0.034645217	7.231972768	3.305984095	0.054587946
1935	0.102771083	7.198525576	3.417344024	0.057417677
1936	0.030674058	7.23251585	3.305995024	0.04902414
1937	0.032940775	7.232244718	3.440667952	0.056950935
1938	0.088774525	7.207454816	3.538548714	0.057442903
1939	0.045001075	7.229308311	3.523051286	0.055814699
1940	0.080527708	7.212393846	3.543827905	0.054748527
1941	0.103245625	7.198212474	3.538590214	0.056459892
1942	0.08848315	7.20763379	3.459491143	0.053307634
1943	0.054203217	7.225839831	3.404926286	0.053056086
1944	0.093556925	7.204474549	3.4194785	0.055943258
1945	0.088160217	7.207831786	3.516371833	0.062352097
1946	0.083813858	7.210458247	3.556722857	0.060109376
1947	0.041237467	7.230454521	3.579214881	0.062180591
1948	0.041172192	7.230472768	3.641645143	0.065809237
1949	0.077014233	7.214411494	3.601173238	0.066594215
1950	0.103568092	7.197999359	3.541068548	0.058165677
1951	0.068166117	7.219224494	3.660231952	0.065414022
1952	0.067171767	7.219738672	3.506991738	0.064504495
1953	0.071081383	7.217684382	3.464237429	0.064216054
1954	0.049420058	7.22774948	3.691203524	0.078823129
1955	0.125924342	7.182614266	3.660876952	0.071781366
1956	0.128631183	7.18068069	3.650061976	0.066515323
1957	0.137209625	7.174468819	3.644183167	0.071584591
1958	0.059872167	7.22332194	3.802855071	0.075097376
1959	0.061280217	7.222658643	3.945719381	0.078726957
1960	0.062984192	7.221837427	4.074314429	0.084357548
1961	0.104959808	7.197076354	4.051041857	0.077398269
1962	0.06977145	7.218382297	3.99960481	0.07748372
1963	0.128695933	7.180634275	4.028464929	0.073698441
1964	0.094273142	7.204021551	4.128146619	0.081968505
1965	0.095188917	7.203439909	4.370747119	0.087429903
1966	0.172965333	7.147476547	4.558566667	0.082517118
1967	0.059230092	7.223619643	4.687303643	0.090424333
1968	0.150359242	7.164727253	4.942584476	0.080016065
1969	0.1752933	7.145669814	5.007492381	0.080434688
1970	0.136733392	7.17481684	5.208655071	0.102371559
1971	0.166727517	7.152291906	5.114281976	0.08837457
1972	0.085127758	7.209671982	5.097761381	0.076506194
1973	0.094969175	7.203579721	5.318986	0.083587828
1974	0.097774308	7.201783538	5.563735976	0.09364157
1975	0.065231133	7.220725031	5.935721738	0.096694796
1976	0.11913055	7.187405682	5.818255524	0.099091075
1977	0.152240842	7.163313975	5.795285643	0.082383968
1978	0.177950383	7.143601568	5.580770214	0.101846839
1979	0.211035708	7.117385077	5.653798786	0.111305559
1980	0.175657942	7.14538636	5.538419786	0.099258892
1981	0.142097958	7.170876412	5.33012831	0.104740806
1982	0.1553937	7.160935907	5.537379524	0.112306785
1983	0.126024908	7.182542669	5.462439476	0.107851419
1984	0.104362008	7.197473461	5.670799667	0.121544581
1985	0.172803517	7.147601944	5.904113548	0.104119656
1986	0.114856583	7.190371327	5.787352238	0.114038774
1987	0.203792167	7.123189625	6.030595024	0.107207226
1988	0.219102625	7.110884884	6.068872476	0.121398387
1989	0.085795675	7.209269682	6.031105548	0.099950613
1990	0.058185808	7.224097269	6.207322024	0.115425054
1991	0.127601717	7.181417643	6.121150643	0.106667828
1992	0.10850595	7.194701524	6.181782571	0.108224548
1993	0.093354742	7.204602122	6.255756714	0.107924946
1994	0.104144192	7.197617915	6.027462643	0.102715194
1995	0.08825915	7.207771169	6.068934595	0.11577157
1996	0.110572233	7.193303145	5.982185667	0.10846557
1997	0.082334467	7.211335209	5.946906952	0.099820548
1998	0.079195433	7.213165444	5.781344643	0.101668763
1999	0.1030722	7.198326972	5.853746548	0.102382935
2000	0.073252725	7.21650723	5.812639548	0.10347671
2001	0.062061942	7.222284364	6.33080831	0.098916828
2002	0.07680785	7.214528256	6.36162731	0.097544043
2003	0.217288517	7.112349773	6.513693333	0.109072591
2004	0.070546992	7.217970236	6.32267769	0.116840828
2005	0.098250367	7.2014763	6.21694581	0.102218785
2006	0.049530017	7.227708042	6.103582905	0.093631183
2007	0.227354692	7.104200082	6.517883643	0.110947419
2008	0.20671035	7.12085502	6.484096143	0.087083613
2009	0.178328325	7.143306867	6.425045548	0.102668613
2010	0.085475133	7.209462968	6.427600262	0.103216086
2011	0.201630158	7.124915784	6.428275214	0.101372925
2012	0.205010108	7.122215896	6.435454786	0.107255484
2013	0.119724908	7.186990189	6.335337619	0.102109194
2014	0.120267058	7.186610558	6.266489667	0.106095419
2015	0.157803217	7.159110404	6.017872976	0.096180796
2016	0.053175675	7.226267832	6.288863738	0.12101529
2017	0.094724233	7.203735384	6.280251762	0.139464108
2018	0.055814733	7.225150314	5.952503786	0.110863301
2019	0.068304308	7.219152576	6.009487452	0.125577226
2020	0.235596492	7.09749133	6.075564929	0.119610634
2021	0.069580233	7.218483381	6.077289429	0.111841355
2022	0.07130165	7.217566108	6.083265214	0.106040731
2023	0.241920817	7.092323513	6.035519357	0.099939667
2024	0.075275375	7.215388915	5.764461452	0.08330614
2025	0.095194517	7.203436344	6.099704762	0.113098634
2026	0.167958992	7.15134433	5.994837643	0.101761366
2027	0.252465967	7.08367218	6.29390081	0.118917688
2028	0.216622292	7.112887306	5.899596714	0.109669452
2029	0.206470075	7.121047445	5.706842405	0.098369742
2030	0.232406417	7.100091639	5.828037024	0.12265814
2031	0.167160875	7.15195863	5.667947976	0.109892839
2032	0.217308175	7.112333908	5.874264024	0.113508452
2033	0.2579311	7.079173084	5.913889952	0.113526075
2034	0.083006583	7.210937899	5.585224095	0.088592323
2035	0.1034264	7.198093037	5.81871769	0.094571946
2036	0.0954765	7.2032567	5.945800929	0.10484457
2037	0.192741442	7.131979463	5.868164548	0.091835656
2038	0.066673425	7.219994154	6.098086857	0.098093645
2039	0.092689275	7.205021059	6.036495167	0.102935183
2040	0.192170533	7.132431239	5.85064481	0.084411903
2041	0.160224692	7.157269021	5.841527667	0.081271634
2042	0.225165558	7.105976735	6.198014762	0.116097022
2043	0.1429792	7.170225011	5.739289333	0.07798186
2044	0.189334833	7.134671606	6.1942175	0.097731785
2045	0.088300275	7.207745961	6.198054143	0.101165075
2046	0.142208383	7.17079485	5.972620667	0.082190667
2047	0.133663542	7.177051512	6.336339429	0.098979151
2048	0.200855725	7.125533355	6.15270281	0.096285785
2049	0.152935592	7.162791011	6.055318143	0.08547128
2050	0.236784625	7.096521732	6.477368714	0.096961548
2051	0.099639342	7.20057601	6.031493	0.085321742
2052	0.116662875	7.189122785	5.901604714	0.073733796
2053	0.037196367	7.231467523	5.929711429	0.075783011
2054	0.206026975	7.12140221	6.288131095	0.095923957
2055	0.145625608	7.168262162	6.168570905	0.082762022
2056	0.174148742	7.146558738	5.967683762	0.081748333
2057	0.227220467	7.104309083	6.263310786	0.095685538
2058	0.192065942	7.132513979	6.04525619	0.093744204
2059	0.070425425	7.218035046	6.076573476	0.104777978
2060	0.030712267	7.232512195	6.229032857	0.109174344
2061	0.118068708	7.188146137	5.959475952	0.097885366
2062	0.137010125	7.174614653	5.993202881	0.091868763
2063	0.063521733	7.221574297	6.067707167	0.096181968
2064	0.117850133	7.188298261	5.907851024	0.087277677
2065	0.164183833	7.154244197	5.841093857	0.084752204
2066	0.071301942	7.217565951	6.025388095	0.097490634
2067	0.204077067	7.122961935	5.975422643	0.098084753
2068	0.068313525	7.219147776	5.992440595	0.097287677
2069	0.179550583	7.142352948	5.87033969	0.089318495
2070	0.062290317	7.222174227	6.144238357	0.100552903
2071	0.154757575	7.161416692	6.129195595	0.086414753
2072	0.1917384	7.132773038	6.224439881	0.095090602
2073	0.161835158	7.156040687	6.064381548	0.072333548
2074	0.0591066	7.223676551	6.207386619	0.07706071
2075	0.1471701	7.167112101	6.408129024	0.082843839
2076	0.157712158	7.159179516	6.333445071	0.07657714
2077	0.159514133	7.157810052	6.502557524	0.082866742
2078	0.107545842	7.195347685	6.49988781	0.077763613
2079	0.075032475	7.215524289	6.597842524	0.083993323
2080	0.183389617	7.139348392	6.545463524	0.077100419
2081	0.114369908	7.190706487	6.594584357	0.086790796
2082	0.074418575	7.215865132	6.34665181	0.088186398
2083	0.164080058	7.1543237	6.291804214	0.073439505
2084	0.179837992	7.142128449	6.410692048	0.085009849
2085	0.13445285	7.176478402	6.537204167	0.094742968
2086	0.177525775	7.143932505	6.606431762	0.09920328
2087	0.128112542	7.181052203	6.278543643	0.083856624
2088	0.172867975	7.147551996	6.34530769	0.094730473
2089	0.184590058	7.138406353	6.272617024	0.092767258
2090	0.166107258	7.152768582	6.500080905	0.08556943
2091	0.058528342	7.223941511	6.480033595	0.089906828
2092	0.184792242	7.138247575	6.481358857	0.089428785
2093	0.151726983	7.163700384	6.334679405	0.073614742
2094	0.093618233	7.204435838	6.512321167	0.082042215
2095	0.050843625	7.227203708	6.482935119	0.090307796
2096	0.155988	7.160486294	6.512903738	0.089557839
2097	0.148865617	7.165845865	6.476719786	0.08164657
2098	0.175946108	7.145162268	6.551160762	0.083458409
2099	0.165573567	7.15317841	6.496455524	0.083081097
2100	0.167865658	7.151416201	6.584813262	0.083590763
2101	0.08654065	7.208818937	6.726828143	0.088565032
2102	0.1658412	7.152972929	6.484924952	0.074257129
2103	0.089543533	7.206980985	6.585577	0.074264731
2104	0.146703258	7.167460065	6.492747571	0.074236591
2105	0.183630592	7.139159383	6.5222465	0.080093925
2106	0.045914575	7.22900385	6.550975333	0.078022828
2107	0.161959292	7.155945889	6.496880262	0.077750204
2108	0.18878825	7.135102736	6.38321631	0.081386624
2109	0.16005045	7.157401745	6.306427476	0.063872108
2110	0.045588025	7.2291138	6.480652214	0.079113183
2111	0.0645246	7.221078326	6.459338095	0.076139516
2112	0.155658008	7.160735999	6.554399238	0.085548925
2113	0.106564792	7.196005522	6.507087357	0.086895054
2114	0.085203533	7.209626429	6.434967833	0.081548108
2115	0.16691955	7.152144246	6.410096333	0.085006398
2116	0.194302908	7.130742613	6.632465119	0.093316667
2117	0.161356242	7.156406268	6.664223	0.086496742
2118	0.19451145	7.130577292	6.585788476	0.088980484
2119	0.168056992	7.151268856	6.701348333	0.084137613
2120	0.1923061	7.132323983	6.560964524	0.089733774
2121	0.168934617	7.150592528	6.551063786	0.076862237
2122	0.181017142	7.141206649	6.637889286	0.069410699
2123	0.100190008	7.20021751	6.649121738	0.065919462
2124	0.065491183	7.220594203	6.8724745	0.073900946
2125	0.103796292	7.197848372	6.878071357	0.064224505
2126	0.150596133	7.164549572	6.819404357	0.073856183
2127	0.173119975	7.147356688	6.894990095	0.079682301
2128	0.173501533	7.147060853	7.031797333	0.080332043
2129	0.167498683	7.151698703	6.802695643	0.076418839
2130	0.057449292	7.224429125	6.783592357	0.081144086
2131	0.064329533	7.221175307	6.744878667	0.078980204
2132	0.053440158	7.226158556	6.595229643	0.075353054
2133	0.136866333	7.174719725	6.693235262	0.074158022
2134	0.08205645	7.211499006	6.703085905	0.081844699
2135	0.13253905	7.177866212	6.644077833	0.073855419
2136	0.160290842	7.157218625	6.691844333	0.073813989
2137	0.066427142	7.220119861	6.7820685	0.09320486
2138	0.1756363	7.145403187	6.496593333	0.083798065
2139	0.059840608	7.223336643	6.557000333	0.078555269
2140	0.17200365	7.148221417	6.476524429	0.080756656
2141	0.093158917	7.204725555	6.477949548	0.080289075
2142	0.110890208	7.19308703	6.391098857	0.060663366
2143	0.05464865	7.225651441	6.62592381	0.080514355
2144	0.156711333	7.159938491	6.554481976	0.083393269
2145	0.156376442	7.160192192	6.599470738	0.085650237
2146	0.181394908	7.140911079	6.711494405	0.094442871
2147	0.196193667	7.129242585	6.580644571	0.086757366
2148	0.127054725	7.18180843	6.307358619	0.068282688
2149	0.117743267	7.188372601	6.359986905	0.06944757
2150	0.150783442	7.16440903	6.560964857	0.079643978
2151	0.191982875	7.132579686	6.539651452	0.082080667
2152	0.194106208	7.130898518	6.488528143	0.08171743
2153	0.130790158	7.17912905	6.451773976	0.07739557
2154	0.201879242	7.124717069	6.562077262	0.080856312
2155	0.0769286	7.214459966	6.391011833	0.075372237
2156	0.077931875	7.21388993	6.36835669	0.064616269
2157	0.124074067	7.183928138	6.45002681	0.073079495
2158	0.051540067	7.226929529	6.730430071	0.090781559
2159	0.185015308	7.138072359	6.593570548	0.075987978
2160	0.099921442	7.200392465	6.546021905	0.080635398
2161	0.211418317	7.117077603	6.955230238	0.094236452
2162	0.138659033	7.173407445	6.559619524	0.080471183
2163	0.156294775	7.16025404	6.585047119	0.073710871
2164	0.062989908	7.221834639	6.660311714	0.083082699
2165	0.08607515	7.209100836	6.50303031	0.084676237
2166	0.143115525	7.170124142	6.540457548	0.076872925
2167	0.155290508	7.161013933	6.507620667	0.08177414
2168	0.093123275	7.204748007	6.779669905	0.092430699
2169	0.171437992	7.148659132	6.570292667	0.081507269
2170	0.153152475	7.162627632	6.123129071	0.071278258
2171	0.17706885	7.14428845	6.2296045	0.084347108
2172	0.081840617	7.211625943	6.408659262	0.078643151
2173	0.187771908	7.135903787	6.358361381	0.096828011
2174	0.18470865	7.138313225	6.234353	0.09079457
2175	0.213368925	7.115508736	6.237860286	0.093587462
2176	0.179424408	7.142451482	6.14253581	0.090307914
2177	0.168722983	7.150755691	6.149654619	0.078816634
2178	0.175552942	7.145467994	6.025758143	0.089076237
2179	0.0731423	7.216567689	6.211541881	0.089881215
2180	0.102042792	7.199004887	6.075721857	0.087438022
2181	0.124404233	7.183694165	5.958460214	0.074809806
2182	0.172911667	7.147518138	6.031577429	0.078093301
2183	0.173441625	7.147107311	6.259585333	0.078350215
2184	0.092044167	7.205425762	6.197547929	0.080569054
2185	0.057662792	7.22433336	6.250123762	0.068749043
2186	0.07798245	7.213861071	6.197028	0.070805226
2187	0.2053303	7.121959752	6.492528833	0.081548849
2188	0.150800592	7.16439616	6.127867476	0.070128505
2189	0.136725167	7.174822848	6.402485714	0.075565344
2190	0.098523542	7.201299691	6.529492619	0.077991742
2191	0.162602242	7.155454608	6.540779286	0.077271978
2192	0.058631183	7.223894573	6.526330214	0.07063972
2193	0.148112358	7.166408884	6.779561571	0.083851667
2194	0.195768883	7.129579806	6.736077357	0.08242671
2195	0.078230075	7.213719604	6.539140405	0.076899785
2196	0.164794583	7.153776065	6.636687	0.078563108
2197	0.166312125	7.152611184	6.56717719	0.078079914
2198	0.152149025	7.163383044	6.28446219	0.05896586
2199	0.071590108	7.217410823	6.301088595	0.069695129
2200	0.1582924	7.158738953	6.463819119	0.060408742
