Year	Chla	Secchi	DIN	PO4
1850	0.411745658	5.142976623	1.895129679	0.226389952
1851	0.387800467	5.143881444	1.94521631	0.222755634
1852	0.430679142	5.141857686	2.050359238	0.223707387
1853	0.324894383	5.143162923	1.601356738	0.201115301
1854	0.411120558	5.143007653	1.842926929	0.226359763
1855	0.288845725	5.140367985	1.5562765	0.211486075
1856	0.486317708	5.136721402	2.026297262	0.25050571
1857	0.373798658	5.144128055	1.77179769	0.203708656
1858	0.369892425	5.144157718	1.910231357	0.214665183
1859	0.3169005	5.142708311	1.553604714	0.201878183
1860	0.284850475	5.139934444	1.6956755	0.214295989
1861	0.33264805	5.14351961	2.144156071	0.246000366
1862	0.367426442	5.144167426	1.732017833	0.213471075
1863	0.4198299	5.142540847	1.803278571	0.219335333
1864	0.3444931	5.143910426	1.807936119	0.211233376
1865	0.376589092	5.144096263	1.505608976	0.197213957
1866	0.38462585	5.143956238	1.825915214	0.214805172
1867	0.335494075	5.14363026	1.701670143	0.201531366
1868	0.346824917	5.143966077	1.542567143	0.198980183
1869	0.390399158	5.143812145	1.810850095	0.21717786
1870	0.399208308	5.1435241	1.783785571	0.208643527
1871	0.309477233	5.14220447	1.999896119	0.226478118
1872	0.372226633	5.144142086	1.960797833	0.232363032
1873	0.34558265	5.143937285	1.727073595	0.209732409
1874	0.325582367	5.143197885	1.704586476	0.202865075
1875	0.351807692	5.144062135	1.522290381	0.195971699
1876	0.331709233	5.143480745	1.600103571	0.21156743
1877	0.316299317	5.14267047	1.856936571	0.223177161
1878	0.396833733	5.143609736	1.562601024	0.197771688
1879	0.250234017	5.135010994	1.71666	0.197969194
1880	0.351474083	5.144056667	1.951832071	0.217414161
1881	0.365984617	5.144169836	1.872907548	0.220987097
1882	0.383712933	5.143975721	1.647625667	0.20493257
1883	0.33727575	5.143694084	1.853298595	0.215083237
1884	0.327725475	5.143302629	2.055671381	0.226937677
1885	0.365246233	5.144170131	1.72797019	0.222503108
1886	0.484347442	5.136946842	1.916960952	0.233211495
1887	0.405244642	5.143280319	1.902892452	0.217211806
1888	0.290407425	5.140530371	1.711392095	0.20483728
1889	0.263192942	5.137110085	1.949203643	0.220725731
1890	0.485752458	5.136786387	1.919810786	0.240069817
1891	0.419115142	5.142581931	1.355196024	0.192710806
1892	0.39860695	5.143546339	1.85468969	0.224483892
1893	0.353916267	5.144093522	1.983039643	0.223794957
1894	0.402857175	5.143381183	1.933846357	0.216594215
1895	0.323987592	5.143115844	1.754751238	0.213005892
1896	0.375639425	5.144108067	1.99616369	0.237767753
1897	0.396323142	5.143627385	1.87428819	0.229254032
1898	0.342683483	5.143862478	1.773698667	0.218194086
1899	0.33967465	5.143773459	1.925757905	0.235272968
1900	0.344014942	5.143898162	1.89532331	0.227937409
1901	0.379703333	5.144050479	1.710492048	0.223501677
1902	0.412651517	5.142930971	1.976628286	0.240483527
1903	0.495643517	5.135613798	1.485416286	0.203925656
1904	0.435416683	5.141524951	1.880080643	0.210423258
1905	0.4533347	5.140084172	2.122566333	0.224109484
1906	0.42896525	5.141972958	1.747960905	0.205824247
1907	0.439828142	5.141196721	1.922147143	0.216781935
1908	0.417524567	5.142671589	1.928128476	0.220556022
1909	0.47932745	5.137507503	1.961993524	0.229966258
1910	0.387522625	5.143888425	2.003561095	0.229262516
1911	0.4680382	5.138694954	1.829034381	0.230454882
1912	0.435782958	5.14149837	1.823983786	0.226316118
1913	0.5308639	5.130854051	1.524605357	0.217205247
1914	0.495146458	5.135674503	2.141703905	0.236139226
1915	0.436078125	5.141476861	1.557014738	0.210313946
1916	0.623253283	5.109662895	1.602988405	0.229882656
1917	0.399729867	5.143504509	1.896047524	0.221539
1918	0.5239983	5.131850835	1.883156429	0.244663452
1919	0.537008267	5.129934776	1.944248524	0.246753151
1920	0.486801933	5.136665536	2.125413619	0.255709742
1921	0.59463635	5.117726349	1.81877781	0.237201957
1922	0.457815925	5.139680066	1.846742286	0.226159065
1923	0.537833567	5.129809369	1.814377429	0.238521753
1924	0.410204783	5.143052414	2.501399929	0.263404796
1925	0.518169167	5.132671499	2.262958429	0.270817032
1926	0.4584013	5.139626016	1.96348081	0.252350548
1927	0.489223817	5.136383395	1.999644738	0.264954935
1928	0.638438617	5.105132207	1.753262524	0.241194806
1929	0.56979055	5.124190515	2.204680881	0.247141043
1930	0.510122142	5.133764942	2.345117429	0.251537645
1931	0.584292858	5.120480299	2.148152214	0.265560677
1932	0.4860142	5.136756327	1.918888524	0.240797763
1933	0.624514625	5.109293028	2.556939667	0.273171925
1934	0.502619775	5.134742273	2.358962643	0.256922559
1935	0.695226408	5.086777868	2.686892738	0.289122011
1936	0.46977	5.138519494	2.581528643	0.26089471
1937	0.423792075	5.14230424	2.318034881	0.267277312
1938	0.645640742	5.10292517	2.128877619	0.28865414
1939	0.621509292	5.110172331	2.372783667	0.283457828
1940	0.582253117	5.121012919	2.331070786	0.291375215
1941	0.603177575	5.115386772	2.163170381	0.292602591
1942	0.666650717	5.096281192	2.201427762	0.302386559
1943	0.723247875	5.076971726	2.549837786	0.318280473
1944	0.550191658	5.127877777	2.736784333	0.304289677
1945	0.598701833	5.116620035	2.351237786	0.288121194
1946	0.634066183	5.106454017	2.474189595	0.299605097
1947	0.635761642	5.105943108	1.879441214	0.264182183
1948	0.689885058	5.088593492	2.358131095	0.299595398
1949	0.6040531	5.115143667	2.175516143	0.269360376
1950	0.683308092	5.090804696	2.674025976	0.308295796
1951	0.2856301	5.140021106	2.867882571	0.29100729
1952	0.581957833	5.121089735	3.050590095	0.292880925
1953	0.199176717	5.122192759	3.634525262	0.292909065
1954	0.377776467	5.144080083	3.320364929	0.269951935
1955	0.263558108	5.137164632	3.19650731	0.283116194
1956	0.252277258	5.135363493	3.557856286	0.310569247
1957	0.261845383	5.136906655	4.447867167	0.291387344
1958	0.299153925	5.141367936	5.062759286	0.293583538
1959	0.331696167	5.143480196	7.016910262	0.330432312
1960	0.255013967	5.13582281	5.056783643	0.27061128
1961	0.335480308	5.143629751	6.77300969	0.37374914
1962	0.376617967	5.144095889	4.879090619	0.303169667
1963	0.39639985	5.14362475	8.832618929	0.348246634
1964	0.408052108	5.143154349	7.873478143	0.370389785
1965	0.386584858	5.143911371	5.956544762	0.34426729
1966	0.535836117	5.130112106	6.786344214	0.415118226
1967	0.30096045	5.141526013	8.356155119	0.365549946
1968	0.295490183	5.141031791	8.966186524	0.406347935
1969	0.3539025	5.144093335	10.84913769	0.418220011
1970	0.529615858	5.131037651	9.938938262	0.423313344
1971	0.4098472	5.143069666	11.26862962	0.445258054
1972	0.372846717	5.144136887	11.1321651	0.448872344
1973	0.500630375	5.134994499	9.075936048	0.403685785
1974	0.450276808	5.140350032	7.085839976	0.397401462
1975	0.458165167	5.139647854	7.924727548	0.474148097
1976	0.628889217	5.108001095	7.494470524	0.472782495
1977	0.663542308	5.097283027	6.01036219	0.495789591
1978	0.545266575	5.128659558	7.306478857	0.521051323
1979	0.580736333	5.12140672	11.35372798	0.511948387
1980	0.524328408	5.131803651	9.637997286	0.539719419
1981	0.706087608	5.083032212	12.55803702	0.615196
1982	0.669800017	5.095259642	12.25306933	0.639017312
1983	0.852198258	5.026556439	10.05951364	0.632510419
1984	0.558498558	5.126523895	8.907166333	0.59804443
1985	0.58732765	5.119681428	7.029343643	0.652328462
1986	0.875421167	5.016689498	11.36565162	0.689891419
1987	1.106325675	4.909196012	13.19335371	0.765334828
1988	0.734603975	5.07286845	10.55169017	0.693787914
1989	0.874990608	5.01687434	6.428433833	0.56297457
1990	0.952229717	4.982658682	9.256776714	0.687151462
1991	0.807434833	5.044947753	6.776721524	0.431692194
1992	1.85098235	4.512618531	4.163198119	0.576830516
1993	2.040003875	4.410259813	4.852571548	0.642259548
1994	1.506186033	4.700163903	6.357418881	0.806026344
1995	3.119771375	3.86272878	3.42550981	0.799075161
1996	1.939360967	4.464632287	2.643445714	0.652063344
1997	2.084284475	4.386454441	4.426088738	0.899565097
1998	2.979651792	3.929269731	4.126908262	0.847830323
1999	1.872258675	4.501050297	7.699277548	0.882062333
2000	2.561766608	4.136174069	3.649208595	0.65290957
2001	2.157864508	4.347083538	4.217556095	0.688038097
2002	1.640915092	4.627048849	4.217767476	0.70197943
2003	2.783458825	4.02486119	6.112540357	0.959342516
2004	2.056738192	4.401254151	7.422346119	0.924780688
2005	1.90913975	4.481020283	6.553650452	0.754037892
2006	1.696271617	4.596895335	4.883960381	0.686585312
2007	1.792285133	4.544571049	5.545192738	0.898880204
2008	1.8305266	4.523748247	6.798603619	0.837814269
2009	1.317040375	4.801226138	4.875250167	0.675544731
2010	1.642549883	4.626158888	6.975750905	0.822421613
2011	1.515126142	4.695331633	4.447871024	0.686388054
2012	1.164877233	4.879891072	6.864365595	0.794240602
2013	1.3884262	4.763399934	6.384422452	0.730377785
2014	1.043944767	4.939648065	6.409482143	0.679145903
2015	1.158109808	4.883310115	6.156180786	0.703939376
2016	0.948858167	4.984193778	6.382538214	0.700326441
2017	0.797706642	5.048827586	6.443768333	0.696398505
2018	1.497867408	4.704656964	7.407592262	0.77829471
2019	0.567965592	5.124644594	4.327958071	0.53880972
2020	0.908003775	5.002502574	7.186894143	0.741679333
2021	0.993176333	4.963743006	4.59531469	0.606268989
2022	0.812343467	5.042973651	6.056040143	0.661442505
2023	0.796759483	5.049202992	7.160797738	0.721606065
2024	0.58957745	5.119084273	6.077328024	0.659045914
2025	0.442241392	5.141009754	6.868689714	0.708904032
2026	0.87796765	5.015594834	6.127217119	0.686790774
2027	0.888283258	5.011135533	5.91609381	0.598674634
2028	0.647842242	5.102243231	6.412266762	0.670850183
2029	0.351202017	5.144052106	5.841652262	0.566909796
2030	0.9023707	5.004982704	5.083954357	0.550734796
2031	0.351110083	5.144050545	6.147736071	0.569993989
2032	1.009300542	4.956163453	5.830286595	0.576485903
2033	0.643315225	5.103641826	4.283738714	0.52821972
2034	0.501064667	5.134939688	5.68640781	0.565388785
2035	0.39957995	5.143510169	5.618338286	0.546625656
2036	0.391462575	5.143781709	5.975008405	0.545044645
2037	0.5665121	5.125004162	5.932993714	0.563780688
2038	0.502612892	5.134743151	5.870250762	0.553024591
2039	0.654821358	5.100059098	6.527330738	0.615911011
2040	0.341175625	5.143819324	5.797174905	0.54716586
2041	0.573081308	5.123364404	5.738796952	0.550114742
2042	0.463243025	5.139167905	5.621066333	0.543049602
2043	0.360785775	5.144158277	6.397827024	0.58045871
2044	0.4760182	5.137866202	6.015954	0.53399843
2045	0.37195025	5.144144262	5.381229833	0.52848643
2046	0.359336717	5.144149347	6.707756976	0.609578925
2047	0.416692967	5.14271749	5.80408031	0.52859828
2048	0.545686108	5.128593577	5.335794452	0.490237075
2049	0.426696783	5.14212132	6.290824857	0.560033968
2050	1.245268383	4.838719344	5.743561643	0.487915839
2051	0.5159651	5.132975579	5.330735476	0.454903817
2052	1.050953108	4.936270873	7.277989238	0.575403796
2053	0.36631455	5.144169498	6.765323357	0.520645538
2054	0.337115917	5.143688529	7.71264331	0.570411957
2055	0.745068567	5.069024209	6.804319333	0.505180237
2056	0.46356975	5.139136284	6.264181429	0.469370441
2057	0.810702142	5.043634953	5.419727833	0.396710462
2058	0.506947117	5.134183565	5.930311548	0.413804591
2059	0.5768784	5.122399588	6.579768619	0.486432097
2060	0.440589217	5.14113832	5.763958881	0.446622946
2061	0.453931917	5.140031307	5.616007548	0.499280527
2062	0.439798158	5.141199012	5.14425881	0.428798505
2063	0.367836117	5.1441663	6.198924738	0.505433215
2064	0.627144	5.108518202	6.531470071	0.480160344
2065	0.376024133	5.144103408	4.832961333	0.392083269
2066	0.325592983	5.143198419	5.958333976	0.419274086
2067	0.457641158	5.139696146	8.353266571	0.562295645
2068	0.516309033	5.132928355	6.052580619	0.405120366
2069	0.505213858	5.134408997	6.692260929	0.45927971
2070	0.510139933	5.133762576	7.354773595	0.473498559
2071	0.492271267	5.136021977	6.533266429	0.453346419
2072	0.402349733	5.143401874	7.856848452	0.507774194
2073	0.299854683	5.141429852	7.716596619	0.502820441
2074	0.397988092	5.143568835	7.155000976	0.458557785
2075	0.597789208	5.11686954	8.373778048	0.53039443
2076	0.408765292	5.14312109	7.179402095	0.448339366
2077	0.3093076	5.142192016	6.957729571	0.414186204
2078	0.542695358	5.129061419	8.657151405	0.510217882
2079	0.381089042	5.144026644	7.95181281	0.446818957
2080	0.452903208	5.140122175	8.906042476	0.519710882
2081	0.41081495	5.143022683	6.665223952	0.385183796
2082	0.366761675	5.144168837	6.863938381	0.393823151
2083	0.425183267	5.142217625	8.38955631	0.49389586
2084	0.457391492	5.139719073	8.183868095	0.500337796
2085	0.251126342	5.135165951	8.975332095	0.514769624
2086	0.482682142	5.137135026	8.021062738	0.441673505
2087	0.290650967	5.140555339	7.894378548	0.441048688
2088	0.35013965	5.14403342	8.40432719	0.477081086
2089	0.375010067	5.144115331	8.074927905	0.440686774
2090	0.500445808	5.13501775	8.462732262	0.444156118
2091	0.28586635	5.140047168	7.916550714	0.416088376
2092	0.399049408	5.143530012	8.550633762	0.479416161
2093	0.238533575	5.132829927	8.552290286	0.470956194
2094	0.498974817	5.135202158	8.438339	0.43428457
2095	0.366508158	5.14416924	8.589128048	0.445801484
2096	0.416643325	5.142720209	9.268733762	0.499639602
2097	0.354175792	5.144097008	9.243934738	0.482430409
2098	0.470169817	5.138478637	8.123613048	0.462726903
2099	0.344798242	5.1439181	7.232808333	0.357896398
2100	0.452805617	5.140130749	7.7861425	0.393571
2101	0.337546067	5.143703404	8.593327238	0.436236882
2102	0.365691783	5.144170029	8.351963714	0.468702301
2103	0.613859108	5.112379872	7.586801024	0.443903462
2104	0.337855292	5.143713947	6.899851643	0.41235228
2105	0.473616267	5.13812107	7.313927429	0.438206968
2106	0.485109275	5.13686003	8.135041405	0.446866366
2107	0.508610025	5.133965225	7.933384333	0.448034581
2108	0.382604425	5.143998156	6.52580969	0.332770473
2109	0.486695708	5.136677807	7.420434167	0.362252903
2110	0.492550508	5.135988505	7.423830595	0.354403387
2111	0.389671683	5.143832273	8.629453262	0.462260699
2112	0.333809117	5.143566049	8.365277762	0.42579028
2113	0.330109325	5.143411788	9.419220429	0.469591409
2114	0.279846292	5.139354043	8.35443381	0.39411171
2115	0.304158692	5.141793611	9.021431643	0.433639978
2116	0.619586158	5.110731446	8.914660762	0.402517925
2117	0.57220345	5.123585698	9.292068262	0.438786968
2118	0.348790867	5.144007675	9.001721548	0.406170172
2119	0.362463792	5.144165495	8.87518331	0.396480796
2120	0.44767345	5.140569981	9.06940569	0.413215495
2121	0.324957092	5.143166136	8.617942786	0.395112419
2122	0.424155142	5.142281812	8.733856833	0.386450312
2123	0.405213025	5.143281693	8.392575095	0.386401774
2124	0.234669983	5.132046872	7.820525881	0.362485753
2125	0.367438692	5.144167395	9.7785125	0.464786452
2126	0.280416208	5.139422271	9.1733895	0.442078043
2127	0.2791495	5.139269878	8.359466476	0.360286656
2128	0.394646117	5.143683436	9.128571238	0.392542667
2129	0.326282192	5.14323278	8.551387595	0.373395204
2130	0.249771725	5.134930093	9.461644714	0.435340978
2131	0.337503017	5.143701926	10.17753452	0.481521602
2132	0.39186665	5.143769829	8.9342915	0.404605806
2133	0.303257675	5.141719798	8.442870071	0.401874968
2134	0.448395967	5.140509531	9.402062714	0.506303301
2135	0.305685333	5.141915877	8.352974095	0.434542054
2136	0.380802333	5.144031749	9.280274143	0.474934634
2137	0.289390967	5.140425128	9.099637857	0.448430366
2138	0.401993667	5.143416236	9.286271881	0.43248457
2139	0.418223867	5.142632471	9.522782262	0.430542925
2140	0.363347542	5.144167956	9.686688452	0.458703
2141	0.376742392	5.144094263	9.115783857	0.419255226
2142	0.230304958	5.131123167	8.806850262	0.409310226
2143	0.326938325	5.143264887	8.951456286	0.399943645
2144	0.283653592	5.13979944	9.607381024	0.46958614
2145	0.284514592	5.139896798	9.487904262	0.438261183
2146	0.293643	5.140854321	9.327250357	0.419804387
2147	0.486346	5.136718143	9.796630381	0.448678806
2148	0.514265792	5.133207667	7.817190262	0.327011323
2149	0.384023442	5.143969196	7.871617452	0.332961839
2150	0.317578858	5.142750389	8.702645452	0.393708473
2151	0.359190883	5.144148309	9.636158952	0.459074796
2152	0.3129154	5.142447781	10.30790871	0.479465043
2153	0.321366967	5.142973368	10.08364969	0.456494774
2154	0.423468967	5.142324095	8.871724833	0.399114699
2155	0.397905142	5.14357182	8.951831833	0.441765785
2156	0.396481633	5.143621935	8.155511952	0.386142495
2157	0.259924467	5.136610816	9.09310031	0.447161247
2158	0.320482225	5.142923101	8.985025238	0.416118527
2159	0.514145158	5.133224065	10.14148657	0.501926667
2160	1.039549817	4.941759865	9.271412071	0.410981914
2161	0.271983542	5.13835576	10.88928467	0.484842527
2162	0.34556235	5.143936798	9.944257214	0.451067366
2163	0.348277067	5.143997271	9.063328952	0.395328796
2164	0.335344567	5.143624715	9.543946167	0.420108151
2165	0.391029683	5.143794244	9.755202333	0.430583978
2166	0.33999665	5.143783544	8.430864048	0.336743978
2167	0.218193967	5.12833437	9.697574095	0.433559871
2168	0.443517608	5.140908779	9.852426	0.441390763
2169	0.331049775	5.143452739	8.369657071	0.358952892
2170	0.326166517	5.143227059	8.531959048	0.365955441
2171	0.3371263	5.14368889	8.916952333	0.378436419
2172	0.364498575	5.14416978	8.816853857	0.363080548
2173	0.263189383	5.137109552	9.666595857	0.424540914
2174	0.375608158	5.144108439	10.17168786	0.442971
2175	1.214253192	4.854718288	8.603771071	0.343735548
2176	0.541276517	5.129281313	8.453682286	0.301556527
2177	0.300248667	5.14146433	9.089676857	0.35736414
2178	0.460147042	5.139463108	9.801378	0.391629806
2179	0.259003733	5.136466556	9.459959119	0.416370172
2180	0.3100097	5.142243287	9.5904595	0.434041172
2181	0.422198758	5.142401187	10.22856379	0.464164527
2182	0.507868842	5.134062791	9.056276	0.376094355
2183	0.242449375	5.133591249	9.077080929	0.348751753
2184	0.389205308	5.143844879	10.10297612	0.418399344
2185	0.490186608	5.136269979	9.961623262	0.416689882
2186	0.237960333	5.132715763	8.073223381	0.308893183
2187	0.44873535	5.140480978	10.76731314	0.456823634
2188	0.294008867	5.140889901	8.971939333	0.337665796
2189	0.349440467	5.144020357	9.545985381	0.367432194
2190	0.282555642	5.139673496	10.32587657	0.422458419
2191	0.4350486	5.14155154	11.24797274	0.472739581
2192	0.334787308	5.143603784	9.617690595	0.376294495
2193	0.37879275	5.144064983	10.99972088	0.462859333
2194	0.4218375	5.142422832	10.74143026	0.442005968
2195	0.262948583	5.137073446	9.451119595	0.375502333
2196	0.85222445	5.026545431	10.46687029	0.456176452
2197	0.343177625	5.143875985	8.361397667	0.312644086
2198	0.40900685	5.14310971	8.998996595	0.337542946
2199	0.419867875	5.142538651	9.903779143	0.449472247
2200	0.351531892	5.144057624	8.53594119	0.38122928
