Year	Chla	Secchi	DIN	PO4
1850	0.384060658	8.373510609	2.124231143	0.246677581
1851	0.330270208	8.446499603	2.00888869	0.220218935
1852	0.282899458	8.51198046	1.904428429	0.212606774
1853	0.353576942	8.414692521	1.884258524	0.220064022
1854	0.34053075	8.432462893	1.689520429	0.19372572
1855	0.331908208	8.444255208	1.966067	0.234863505
1856	0.246541692	8.562950934	1.689627048	0.207409516
1857	0.407776658	8.341803554	1.918127881	0.232494978
1858	0.262906117	8.539937136	1.895024762	0.213763441
1859	0.321555967	8.458462537	1.598077929	0.204753688
1860	0.289653058	8.502578593	1.793424619	0.214904194
1861	0.269393425	8.530846086	2.01954869	0.228246312
1862	0.261347392	8.542124248	1.647503214	0.203461441
1863	0.40579665	8.344439577	1.887530833	0.234541613
1864	0.382844408	8.375144519	1.87833369	0.233575602
1865	0.343838483	8.427949186	1.715983333	0.203251892
1866	0.312226658	8.471311782	1.974400357	0.231373613
1867	0.22829765	8.588737473	1.680628524	0.208360634
1868	0.314593533	8.468047807	1.698696024	0.213794419
1869	0.350095375	8.419426312	1.797581405	0.22074972
1870	0.379764817	8.379285064	1.74056581	0.209526108
1871	0.2845556	8.509672917	1.851562929	0.206718022
1872	0.257668192	8.5472909	1.766513476	0.202210817
1873	0.280827633	8.514868988	1.694784143	0.200790194
1874	0.355134558	8.41257668	1.945584238	0.233723968
1875	0.312527658	8.470896542	1.668390762	0.206404065
1876	0.310666067	8.473465384	1.714747095	0.21256228
1877	0.260228208	8.543695278	1.631583595	0.192108022
1878	0.364772333	8.399512549	1.758795286	0.215983398
1879	0.279300408	8.516999514	1.521629452	0.188278645
1880	0.29060605	8.501253641	1.700625167	0.201991011
1881	0.290139325	8.501902479	1.804578619	0.218745172
1882	0.3555153	8.412059676	1.72681819	0.22301643
1883	0.297130458	8.492194338	1.812357786	0.210726892
1884	0.304440908	8.482067936	1.936814714	0.221242108
1885	0.337737808	8.436278442	1.874786143	0.230956871
1886	0.415848067	8.331078944	1.821286024	0.231344151
1887	0.340029608	8.433147231	1.909526548	0.220795237
1888	0.279279058	8.517029306	1.77997769	0.219419344
1889	0.3741626	8.386829868	1.888218476	0.235587
1890	0.37587375	8.384523652	1.968276905	0.230758054
1891	0.331898	8.444269191	1.991939952	0.230203656
1892	0.36113	8.404444174	1.916502595	0.231625785
1893	0.295389558	8.494609628	1.881509476	0.221087892
1894	0.360188267	8.405720366	2.059080976	0.240598591
1895	0.307919558	8.477258448	1.846308095	0.22386257
1896	0.29366715	8.497000694	1.761122762	0.216478796
1897	0.283787175	8.510743423	1.6708395	0.202161032
1898	0.343363533	8.428596957	1.809089786	0.218112312
1899	0.2991891	8.489340102	1.817962643	0.217070624
1900	0.328510933	8.448911674	1.75351519	0.219705968
1901	0.273021467	8.52577013	1.667879143	0.207361892
1902	0.2784068	8.518246627	1.774370571	0.216224204
1903	0.386106992	8.37076329	1.446527048	0.203498935
1904	0.3501246	8.41938655	1.751691214	0.229211871
1905	0.452035733	8.283409853	2.019365405	0.239704903
1906	0.470661742	8.259137067	1.951962643	0.237713602
1907	0.397751375	8.355171297	1.882757738	0.218312312
1908	0.377500083	8.38233315	1.772798905	0.202220581
1909	0.33133205	8.445044509	2.058727048	0.242553022
1910	0.292615983	8.498460631	1.857962	0.220378151
1911	0.36188285	8.403424276	1.958593786	0.231166215
1912	0.342783117	8.429388727	2.038350071	0.24347128
1913	0.428604925	8.314197469	1.779672381	0.233651409
1914	0.367775217	8.395451855	2.235652	0.255871301
1915	0.386337058	8.370454548	1.914973024	0.24896672
1916	0.454860233	8.279717613	1.721001405	0.232734118
1917	0.403181217	8.347924667	1.839614619	0.237086043
1918	0.402271042	8.349138315	1.997151643	0.250838602
1919	0.317113067	8.464576356	1.648311214	0.214749785
1920	0.384886833	8.372401161	1.799927738	0.238650108
1921	0.384109425	8.373445111	1.754601952	0.220761667
1922	0.456890175	8.277066565	1.887956476	0.252843667
1923	0.4282782	8.314628782	2.162353738	0.272044968
1924	0.364811125	8.399460063	2.235963548	0.266319538
1925	0.303690975	8.483105547	2.100501452	0.237194204
1926	0.428531133	8.314294877	2.159431548	0.255016581
1927	0.310183242	8.474131921	2.186558071	0.250360366
1928	0.352466392	8.416201832	1.891587762	0.227234204
1929	0.389552917	8.366141836	2.060249833	0.24610771
1930	0.434047425	8.307020879	2.179462667	0.260681968
1931	0.494664683	8.22811844	2.444835143	0.278906602
1932	0.409169833	8.339950011	2.566288786	0.289110183
1933	0.469613258	8.260498696	2.386261476	0.265837355
1934	0.398527967	8.354133927	2.410879619	0.258820645
1935	0.553930708	8.152770971	2.545521214	0.284384194
1936	0.373192808	8.388137584	2.416234143	0.263044731
1937	0.3964443	8.356917991	2.271405976	0.265107355
1938	0.429253883	8.313340936	2.295046548	0.257193871
1939	0.472961767	8.256152072	2.453612929	0.283516226
1940	0.312020917	8.471595635	2.42301819	0.272660376
1941	0.442829042	8.295473505	2.352812548	0.28319443
1942	0.386613442	8.370083686	2.202953619	0.276026753
1943	0.672526167	8.007102959	2.26026331	0.292505516
1944	0.550117225	8.157566749	2.360147143	0.288926699
1945	0.497211808	8.22484399	2.463787571	0.30063457
1946	0.47451985	8.25413151	2.601392	0.301259387
1947	0.473126617	8.255938232	2.185291667	0.266055957
1948	0.583851917	8.115388754	2.361107738	0.295093785
1949	0.676013625	8.002918541	2.432929595	0.324562613
1950	0.540913217	8.169171044	2.400060548	0.290686591
1951	0.34785205	8.42247978	2.63690531	0.287512473
1952	0.664425008	8.016844424	2.635254024	0.326148204
1953	0.33353565	8.442026618	2.547141929	0.27309071
1954	0.551429783	8.15591529	2.434676667	0.305837473
1955	0.451771833	8.283755037	2.59307619	0.329638516
1956	0.382628983	8.375434001	2.680425595	0.309615591
1957	0.495242883	8.227374848	3.066398738	0.336701484
1958	0.361008958	8.404608178	2.550975	0.296548366
1959	0.388012217	8.368207364	3.073309452	0.309178527
1960	0.45459995	8.280057688	2.84225619	0.328593065
1961	0.500280025	8.220904004	3.162266619	0.32034514
1962	0.684122192	7.993210741	3.318619071	0.367846796
1963	0.371480492	8.390447741	3.350063571	0.341522796
1964	0.466502167	8.264542271	3.562154214	0.344693269
1965	0.556607508	8.14940893	3.015383667	0.332080538
1966	0.396455325	8.356903254	3.409579357	0.330074656
1967	0.378800975	8.380581966	3.166674786	0.329776602
1968	0.404588333	8.34604923	3.651429738	0.360091301
1969	0.247933233	8.56098956	3.270825833	0.306978075
1970	0.422645242	8.32207359	3.431744119	0.37375857
1971	0.543832217	8.165486284	3.944674429	0.428044935
1972	0.685853233	7.991142126	4.059359071	0.457724011
1973	0.61328785	8.079033526	3.697248595	0.413905559
1974	0.678175225	8.000327714	3.785519238	0.44423472
1975	0.407522325	8.34214204	4.005573833	0.422330935
1976	1.065087975	7.567574104	4.071443119	0.483681366
1977	0.695593325	7.979527648	4.203638905	0.484569387
1978	0.75407325	7.910673119	3.634462333	0.446363011
1979	0.521326867	8.194004844	3.600726095	0.43600529
1980	0.524502242	8.189965783	3.826250143	0.442542129
1981	0.759237325	7.904664062	4.285435976	0.496090065
1982	0.609467833	8.083728203	4.678715476	0.478639129
1983	1.3077463	7.323121821	4.702991857	0.569428323
1984	0.944800967	7.69594144	5.015221381	0.613327398
1985	0.869300483	7.779221503	3.941224167	0.516611
1986	1.0468542	7.586706644	3.99540581	0.574697484
1987	1.395204242	7.239290125	4.127949452	0.644804871
1988	1.205201025	7.424203916	4.172079714	0.610067699
1989	1.653346625	7.003415382	3.600952119	0.637997151
1990	1.963541417	6.739916768	3.927085762	0.632623344
1991	1.480427025	7.159580122	2.695571643	0.583610043
1992	2.695968742	6.185562744	3.180816643	0.695846441
1993	2.2512091	6.512007823	3.61066319	0.686240172
1994	1.32196295	7.309349568	3.329619857	0.549358935
1995	1.819763983	6.859570864	4.0661775	0.660838978
1996	1.082239142	7.549680341	4.139160429	0.569780086
1997	1.527103725	7.116711649	4.145478667	0.623760172
1998	2.088886217	6.638818081	4.216357857	0.65703314
1999	1.688009283	6.972954941	4.290362214	0.609922828
2000	2.3797459	6.41465373	4.210266595	0.670549441
2001	1.379117483	7.254551975	3.340711214	0.523876753
2002	1.395074508	7.239412926	3.763502167	0.605621581
2003	1.996717567	6.712876139	3.930227333	0.660627892
2004	1.99643675	6.713104156	3.638043262	0.706137065
2005	2.630624033	6.231760365	3.666488071	0.774069903
2006	2.152061567	6.5889307	3.359447738	0.700489699
2007	1.819933442	6.859427398	4.669340548	0.749572624
2008	0.685397242	7.991686911	3.239304095	0.653458172
2009	2.297099058	6.47695104	2.023448262	0.680542269
2010	2.153471017	6.587825591	2.8847175	0.668089484
2011	1.732601383	6.934162049	2.785017238	0.621563129
2012	2.421669483	6.383453662	2.908642905	0.653774032
2013	2.405389	6.395538323	2.271349357	0.601408624
2014	1.8256868	6.854560026	2.398107238	0.56486886
2015	1.517082233	7.125869679	2.320171214	0.530570785
2016	1.846225092	6.837239819	2.215869238	0.50077172
2017	1.932678883	6.765259188	2.822959595	0.613536495
2018	1.870783192	6.81664196	2.924332286	0.651946086
2019	1.977008658	6.728915149	2.620206976	0.632520871
2020	1.50717805	7.134944991	2.393912476	0.536658333
2021	1.369813492	7.263410908	2.927300714	0.539970699
2022	1.8048933	6.872183722	2.831913024	0.559929559
2023	1.526723625	7.117058547	2.948686738	0.565636462
2024	1.663347525	6.994599079	3.073662881	0.557166817
2025	1.476531758	7.16318238	3.539138	0.672751849
2026	1.851531617	6.832778717	3.137842976	0.607199247
2027	1.654240933	7.002626078	2.569604667	0.533594903
2028	1.2282319	7.401229358	2.883295429	0.458575753
2029	0.887347475	7.759116475	2.810573452	0.442729935
2030	0.416834425	8.329770667	2.652953786	0.459501591
2031	1.438837167	7.198242654	2.879227452	0.53455229
2032	1.327142775	7.304345872	3.428018619	0.505780161
2033	0.944110183	7.696693649	3.172844714	0.403307968
2034	0.950670175	7.689557447	3.042793619	0.402306796
2035	0.947663208	7.692826563	3.438518714	0.438277656
2036	0.119458792	8.744182136	3.498017786	0.47128814
2037	1.112006117	7.518857399	2.551241286	0.500052344
2038	1.172331708	7.457274839	2.538792524	0.456534581
2039	1.149405542	7.480541629	3.064189643	0.459253172
2040	1.119398058	7.51124843	3.292114929	0.490053204
2041	1.31080355	7.320155293	3.413878595	0.506511075
2042	1.004409933	7.631687716	3.668331643	0.499837452
2043	0.895339258	7.750253655	3.4129435	0.453544129
2044	0.911997275	7.731858781	3.016096952	0.421477323
2045	0.805036808	7.851862322	2.476299619	0.367641624
2046	0.703104442	7.970600003	3.449415119	0.405333699
2047	1.02094195	7.614092846	3.183877714	0.424894452
2048	0.265432183	8.536394982	3.364583167	0.463819527
2049	1.000395375	7.635974935	2.63331769	0.499245581
2050	0.974935675	7.663297808	2.371559048	0.417363925
2051	0.974097017	7.664201808	2.799130786	0.431212753
2052	0.941016883	7.700064182	3.2553975	0.436637882
2053	0.818058442	7.837008643	2.839455476	0.407837935
2054	0.949660483	7.690654792	3.24401731	0.423007237
2055	0.835434192	7.817295705	2.736142476	0.381329387
2056	0.45573185	8.278579046	3.237686476	0.411179409
2057	0.152163492	8.697410855	2.734678429	0.429939516
2058	1.044848	7.588818674	2.215887286	0.468083129
2059	0.7386491	7.928689092	2.639165881	0.449512538
2060	0.909239625	7.73489665	2.9446885	0.451911032
2061	0.696640642	7.97828131	3.106842429	0.390782495
2062	0.800562233	7.856982502	2.609420071	0.352625387
2063	0.698340942	7.976258944	3.075836119	0.373398452
2064	0.447250825	8.289674137	3.072658333	0.376950301
2065	0.733938275	7.934211952	2.681102667	0.406772452
2066	0.893923217	7.75182224	2.960395238	0.408999409
2067	0.373711042	8.387438712	3.299598381	0.377088011
2068	0.965342583	7.673653566	2.770972333	0.408760935
2069	0.715257025	7.956208496	3.04178569	0.373490323
2070	0.684962892	7.992205927	3.019618548	0.378113011
2071	0.739070908	7.928195042	3.319874381	0.410664742
2072	0.641317483	8.044795751	2.935906214	0.369928204
2073	0.602141225	8.092751722	2.97467481	0.34634743
2074	0.622186833	8.06812367	3.026009476	0.357484161
2075	0.475001683	8.253506908	3.340255857	0.365534409
2076	0.5037249	8.216486002	2.447526929	0.319140237
2077	0.499852383	8.221452866	2.205562167	0.288331667
2078	0.567224583	8.136108463	2.902754476	0.345520667
2079	0.640158225	8.0462045	2.95357569	0.356254247
2080	0.62203085	8.068314579	3.287505714	0.351083763
2081	0.4280703	8.314903262	2.723840286	0.338744613
2082	0.608146467	8.085353728	2.545688857	0.356293645
2083	0.650712242	8.033402029	3.019459452	0.37954
2084	0.371293883	8.390699593	3.04593381	0.331184022
2085	0.611422758	8.081324801	3.02300281	0.346725903
2086	0.534966717	8.176690559	2.484093429	0.321199086
2087	0.528693725	8.184641933	2.486769119	0.314321645
2088	0.46333175	8.268668048	2.617706381	0.298626376
2089	0.4069275	8.342933806	3.1304	0.360389312
2090	0.575422925	8.125875592	2.969887024	0.34241786
2091	0.57655885	8.124460342	2.767962714	0.340005462
2092	0.559825992	8.145371183	2.909621976	0.321593656
2093	0.4713023	8.258305473	3.001878048	0.322745237
2094	0.557461625	8.148336904	2.982794905	0.341345269
2095	0.632157867	8.055943685	3.24708481	0.38262357
2096	0.543953608	8.165333138	3.00307969	0.323174882
2097	0.425239033	8.318643463	3.355000595	0.35500386
2098	0.413346208	8.334399595	2.905420643	0.312110022
2099	0.560781608	8.14417329	2.435120119	0.316325237
2100	0.520716233	8.194782144	2.636291357	0.315336903
2101	0.53849775	8.172223358	2.529106738	0.331480129
2102	0.419243592	8.326577335	2.641043	0.345795419
2103	0.565678925	8.138041356	2.266321333	0.309059473
2104	0.5875065	8.110852587	2.511164357	0.320533925
2105	0.561197583	8.143651993	2.444565024	0.307474817
2106	0.586168158	8.112513027	3.169061905	0.353837118
2107	0.517059142	8.199441302	3.16473381	0.330199968
2108	0.547088967	8.161380131	2.83244031	0.348351968
2109	0.441223883	8.297581235	2.483457929	0.296390237
2110	0.619334158	8.071616893	2.308213	0.306656667
2111	0.412478092	8.335552581	2.848403214	0.293036258
2112	0.445967142	8.291356708	2.975111548	0.322434247
2113	0.626426908	8.062938574	3.307533786	0.34971857
2114	0.348250408	8.421937373	2.991802857	0.312741258
2115	0.436073108	8.304353679	2.893810048	0.325376828
2116	0.43688505	8.303285197	2.468068619	0.291567785
2117	0.554479508	8.152081396	2.59202119	0.277065398
2118	0.3858848	8.37106149	2.6620505	0.291832828
2119	0.425783167	8.317924322	2.910093238	0.31715314
2120	0.510313417	8.20805297	3.036988262	0.371586581
2121	0.418424825	8.327662267	2.24039481	0.287844452
2122	0.458204017	8.275351852	2.33759	0.283285591
2123	0.449576458	8.286628004	2.690053476	0.305604151
2124	0.403227533	8.347862919	2.515150286	0.293360161
2125	0.383271233	8.374571035	2.61976419	0.297102742
2126	0.385051333	8.372180301	2.932517643	0.317482828
2127	0.4250071	8.318950039	2.237940429	0.267376462
2128	0.580859125	8.119108276	2.692910881	0.30569972
2129	0.429528458	8.312978601	2.966629762	0.352436548
2130	0.469904225	8.260120772	2.664924976	0.326624871
2131	0.377704192	8.382058333	2.797926667	0.299005538
2132	0.468603158	8.26181101	2.822849381	0.30949214
2133	0.424768925	8.319264894	2.547627357	0.284772118
2134	0.453348175	8.281693694	2.301850214	0.265947323
2135	0.405536833	8.344785627	2.826141286	0.30519072
2136	0.346136292	8.42481689	2.338965786	0.255818688
2137	0.3361526	8.438445817	2.460140619	0.262565903
2138	0.405353667	8.345029608	2.544679119	0.299259634
2139	0.554299667	8.152307353	3.195013976	0.355431323
2140	0.262577992	8.540397453	3.037732738	0.319274344
2141	0.592778258	8.10432044	3.007068262	0.352459871
2142	0.339468617	8.43391345	2.712537786	0.302450581
2143	0.380556517	8.378220146	2.592078667	0.29729628
2144	0.525976033	8.188092836	3.177526571	0.353887022
2145	0.455716392	8.278599236	3.04159231	0.33176671
2146	0.400147417	8.351971673	2.890200095	0.314714871
2147	0.506063483	8.213490211	2.905831476	0.333181183
2148	0.300500258	8.487523292	2.279004595	0.263631312
2149	0.567541275	8.135712574	2.686780738	0.343771656
2150	0.240492175	8.571486911	2.292878143	0.269930344
2151	0.497451442	8.224536098	2.669858262	0.317717828
2152	0.444703992	8.293013194	2.717786595	0.310097817
2153	0.417350967	8.329085742	2.933452881	0.328306204
2154	0.149478467	8.701257878	2.736244214	0.332279806
2155	0.588479675	8.109645739	2.064622405	0.305736849
2156	0.501814075	8.218935869	2.541115905	0.308425882
2157	0.389353592	8.36640899	2.748601476	0.299541548
2158	0.492659417	8.230698614	2.843700762	0.329166516
2159	0.477388742	8.250414299	2.676531571	0.277222376
2160	0.706230992	7.966891199	2.787628786	0.321066419
2161	0.606027567	8.087962094	2.709696857	0.322081742
2162	0.395315958	8.358426548	2.721136833	0.32541028
2163	0.437203725	8.302865926	2.437010214	0.294368462
2164	0.4516736	8.283883537	2.495227381	0.293301968
2165	0.568112358	8.134998798	3.152336286	0.358007495
2166	0.379952883	8.379032066	2.513060357	0.285719806
2167	0.4759069	8.252333791	2.937602452	0.328244817
2168	0.457862942	8.275796909	2.706303952	0.309090688
2169	0.517004133	8.199511434	2.633529476	0.314579237
2170	0.496708917	8.225490221	2.782302619	0.317222742
2171	0.280331333	8.515561223	2.534971214	0.28723443
2172	0.339093942	8.43442528	1.969383024	0.232723376
2173	0.471446967	8.258117691	2.542840881	0.292408882
2174	0.472131858	8.257228824	3.015302405	0.340196763
2175	0.293870908	8.49671776	2.654402357	0.316194527
2176	0.546773908	8.161777132	2.141721167	0.287303269
2177	0.41797665	8.328256282	2.480885	0.289051957
2178	0.434287817	8.306704246	2.762822667	0.297727075
2179	0.37183825	8.38996495	2.571122357	0.28910586
2180	0.366674	8.396940453	2.535880167	0.278516301
2181	0.438128775	8.301649165	2.793981619	0.295533054
2182	0.478970567	8.248366529	2.500465881	0.276760495
2183	0.420992658	8.324260844	2.506448833	0.296959806
2184	0.580427225	8.11964541	2.634850333	0.308736344
2185	0.50742895	8.211742282	3.010197238	0.308666043
2186	0.3387657	8.434873739	2.953525714	0.313564376
2187	0.40782595	8.341737957	2.662709	0.272477151
2188	0.431616033	8.31022507	2.535414	0.298508667
2189	0.304985392	8.481314758	2.173032357	0.253604946
2190	0.3622248	8.402961127	2.46264031	0.286225946
2191	0.505053558	8.214783616	3.100288714	0.33960829
2192	0.444954417	8.292684723	2.809767929	0.305287323
2193	0.466667308	8.264327508	2.795492714	0.298644054
2194	0.402326808	8.349063942	2.909116571	0.309538753
2195	0.457247758	8.276599791	2.503433095	0.303197656
2196	0.457882133	8.275771865	2.695548286	0.302692753
2197	0.369294975	8.393398508	2.283062571	0.281111065
2198	0.387887558	8.36837454	2.206503167	0.267342548
2199	0.444991808	8.292635681	2.502415738	0.292785527
2200	0.389114367	8.36672965	2.416437643	0.279295581
