Year	Chla	Secchi	DIN	PO4
1850	0.707510281	10.70717173	3.769390035	0.436386659
1851	0.872496749	10.31415074	3.294389461	0.387512672
1852	0.74826223	10.60577449	3.231793284	0.411158923
1853	0.859815343	10.3354637	3.083322503	0.389721807
1854	0.678203284	10.7853305	3.137697403	0.393903281
1855	0.699551375	10.72831978	3.0032371	0.382867208
1856	0.828798093	10.40621204	3.195440078	0.418530957
1857	0.712790254	10.6976658	3.104061311	0.379320424
1858	0.759636836	10.58050316	3.056447922	0.399196797
1859	0.77018274	10.55121701	3.086844494	0.393454478
1860	0.816633683	10.4423914	2.838762026	0.370729516
1861	0.863180366	10.32942853	3.056161368	0.381561978
1862	0.744845833	10.62808236	3.287890754	0.401221871
1863	0.897719563	10.25213621	3.489306908	0.41106052
1864	0.777708137	10.5320509	3.006885153	0.377377601
1865	0.86713082	10.32307519	3.175223893	0.389199056
1866	0.826366256	10.4270736	3.346161006	0.402412762
1867	0.605574771	10.98416885	3.409804725	0.39591359
1868	0.709238112	10.70122315	2.909922759	0.363350517
1869	0.783455274	10.52122563	2.772248329	0.357804276
1870	0.747876854	10.61683877	2.590576217	0.321829219
1871	0.740244295	10.62931788	3.0591288	0.390939149
1872	0.683665408	10.77209526	3.000997934	0.383764615
1873	0.735629181	10.63004645	3.104728305	0.378424772
1874	0.782537062	10.51194414	3.233108225	0.389185495
1875	0.76715553	10.55095051	2.818036774	0.342045268
1876	0.69144686	10.73951846	3.447037434	0.404547969
1877	0.755485676	10.58286546	3.035369121	0.377359129
1878	0.814097022	10.43825303	2.952524285	0.359540501
1879	0.652470613	10.85133996	2.831996811	0.372465763
1880	0.5226739	11.26270014	3.090320442	0.375922553
1881	0.856792302	10.34048073	2.705375826	0.366049738
1882	0.664266591	10.81618645	3.385348068	0.393026446
1883	0.741018394	10.61912257	3.294779688	0.402322969
1884	0.586801843	11.03624627	3.406354473	0.397102949
1885	0.677597585	10.77792239	2.396314288	0.339829916
1886	0.722919664	10.66381112	3.200361783	0.39666935
1887	0.886478345	10.27678129	3.278460284	0.402878833
1888	0.717840664	10.67543344	2.749790118	0.346012844
1889	0.666133769	10.81393542	3.370819847	0.397132559
1890	0.772753859	10.54165779	2.775216843	0.374140061
1891	0.768826572	10.55388112	2.868931223	0.352278917
1892	0.664874941	10.8277394	3.343731107	0.406031732
1893	0.659558384	10.84933118	3.020368113	0.386487497
1894	0.693096801	10.74834912	3.097837539	0.363058366
1895	0.716962997	10.68109453	2.838053619	0.369529172
1896	0.799709386	10.47312163	3.284534859	0.387236843
1897	0.595210591	11.0267503	2.811944986	0.353077133
1898	0.741015225	10.61569252	3.521206528	0.422913405
1899	0.678118797	10.78243515	3.07282729	0.378820981
1900	0.786420087	10.50861666	2.631466359	0.335324529
1901	0.617614852	10.95908242	3.131390388	0.384926143
1902	0.644455217	10.88421523	3.015939747	0.391101748
1903	0.802908098	10.46740081	3.03189224	0.393881383
1904	0.718468201	10.69054195	2.872041131	0.370952665
1905	0.813526246	10.44098244	3.363476195	0.420694532
1906	0.779896069	10.5231251	3.447319145	0.417099817
1907	0.753155322	10.59245589	3.202593892	0.401793025
1908	0.722202703	10.66839155	3.462869639	0.446717523
1909	0.839845297	10.38304997	3.294425503	0.423549876
1910	0.707551755	10.70666356	3.048520731	0.405940558
1911	0.835905133	10.38974479	3.230115591	0.411483454
1912	0.686473366	10.77312397	2.545211927	0.352248535
1913	0.886873488	10.28001767	2.860750921	0.395342001
1914	0.883593581	10.28520501	3.594483655	0.443458397
1915	0.854457877	10.34798238	3.200143919	0.412308362
1916	0.881628986	10.28886204	3.453179212	0.44875785
1917	0.99776019	10.0443987	2.939195022	0.382007932
1918	0.76912412	10.54446279	3.287796328	0.405066545
1919	1.013559698	10.01293735	2.776941792	0.376216376
1920	0.988827552	10.06369397	3.486893175	0.428332761
1921	1.137194555	9.777867606	3.303839298	0.422472619
1922	1.234968933	9.607444588	3.04228311	0.391311021
1923	0.981351488	10.08029885	3.364871239	0.432634472
1924	0.861785337	10.34098315	3.190142679	0.386054709
1925	0.918315459	10.20920118	3.540141484	0.442867683
1926	0.933485348	10.17946792	3.186716771	0.410407296
1927	1.050726231	9.939506373	3.501062508	0.437041749
1928	1.050049154	9.940799151	3.201514017	0.39828057
1929	1.053345612	9.94000795	3.48544215	0.441950253
1930	1.064117539	9.919389913	3.421279075	0.430712382
1931	1.051865955	9.937418619	3.240393656	0.411166995
1932	0.937422938	10.17251277	3.748726459	0.452146119
1933	1.201824704	9.663803747	3.648823734	0.457020186
1934	1.19810746	9.674065927	3.649913055	0.477984315
1935	1.260616514	9.561564192	3.39556845	0.426023306
1936	1.190757602	9.686235535	3.583165477	0.433218099
1937	1.0114659	10.0167145	3.523914703	0.442885827
1938	1.028851364	9.994873583	4.071351962	0.507700355
1939	1.141107042	9.774392659	3.501564727	0.457373156
1940	1.037608214	9.96329736	3.816299947	0.494587775
1941	1.14147764	9.772692355	3.45171849	0.445583946
1942	1.112359174	9.828599194	3.606736334	0.464487013
1943	1.541415329	9.121138292	3.677336899	0.465023564
1944	1.198689588	9.669320964	4.02124344	0.511667045
1945	1.260158338	9.563918928	4.096751608	0.495638732
1946	1.29970732	9.498913566	4.054614392	0.512118402
1947	1.303610273	9.494861392	3.453679263	0.451973655
1948	1.345470106	9.424687171	3.694180755	0.474157761
1949	1.180477411	9.702476542	3.590883182	0.461388282
1950	1.434706613	9.283117462	3.949011749	0.485111924
1951	1.190761142	9.690576802	3.910125854	0.455542444
1952	1.512319502	9.163086442	4.712748402	0.559541258
1953	1.317040093	9.472786059	4.123185519	0.484240002
1954	1.43426591	9.288603919	4.174548086	0.496325987
1955	1.193038787	9.682644737	4.269565257	0.450151642
1956	1.362946164	9.395748569	4.067152819	0.488836002
1957	1.368271499	9.393142487	4.360611031	0.489626838
1958	1.412130403	9.322515909	4.101726026	0.458534588
1959	1.418062511	9.307595926	4.510852147	0.529170029
1960	1.497814152	9.191416192	4.389519066	0.545978558
1961	1.648200455	8.971512137	5.234415602	0.548244915
1962	1.339341833	9.436271867	4.835814084	0.508855658
1963	1.424665849	9.306145391	4.688735301	0.518458649
1964	1.610018567	9.028290227	4.794559787	0.492655049
1965	1.423885442	9.301775333	5.098242609	0.535868524
1966	1.3990307	9.350913154	4.537367395	0.489097305
1967	0.985751692	10.08104765	5.393044442	0.564219384
1968	0.974852422	10.09793293	5.615923753	0.54307001
1969	1.190166754	9.699760506	4.878250505	0.544470921
1970	1.379042774	9.381960395	5.015019088	0.4961951
1971	1.663222962	8.961986893	5.20540357	0.514735043
1972	1.51944375	9.172368917	5.193801548	0.513616256
1973	1.440165795	9.283144361	5.043893942	0.527745992
1974	2.20025165	8.29878459	5.92191756	0.571966788
1975	1.703396759	8.907932524	5.883017559	0.564541187
1976	1.316524337	9.480156273	5.89242274	0.588974899
1977	1.694453623	8.914984259	5.735934674	0.622399344
1978	1.674488635	8.949889409	5.251420441	0.542709367
1979	1.990494208	8.546847665	5.359147463	0.543330454
1980	1.550004005	9.130658134	6.336706346	0.586938569
1981	1.499130234	9.211847846	6.899044629	0.583685612
1982	1.373246297	9.391354812	5.791271231	0.534752622
1983	1.829320859	8.767592072	6.122463033	0.652700415
1984	2.352538578	8.148232439	5.676597231	0.523114411
1985	2.233786068	8.267789256	6.24339054	0.61637199
1986	1.812370324	8.774155304	5.612831147	0.544235076
1987	2.037720083	8.484130365	5.315148783	0.568304577
1988	1.79955691	8.790349626	6.771266467	0.675382158
1989	2.807004229	7.692498721	5.008434484	0.541354327
1990	2.776056544	7.726102406	4.992215123	0.624256005
1991	2.719955426	7.751002566	5.897632189	0.754148286
1992	2.754455008	7.728632203	5.090513127	0.583200732
1993	2.069604644	8.446648591	5.262919989	0.578188355
1994	1.713734668	8.906425278	7.257043847	0.668036805
1995	2.105593572	8.413248125	5.696862916	0.558649871
1996	2.699654101	7.778884458	4.706803514	0.529188165
1997	1.699020773	8.90970541	4.67610379	0.527461317
1998	2.303301583	8.189485313	5.236226974	0.536979748
1999	1.023773704	10.0257791	6.01292305	0.55876302
2000	2.201442658	8.306907647	5.761978944	0.622980133
2001	2.049152897	8.470040382	5.444334485	0.612326108
2002	2.205671306	8.294701738	4.253518031	0.485752222
2003	2.271156028	8.216018169	6.381915249	0.653929762
2004	2.446182241	8.028092226	4.549992321	0.576283627
2005	2.025063846	8.50103191	5.265099168	0.549566036
2006	2.063450721	8.451989947	4.688011523	0.561752442
2007	1.904120324	8.642145285	4.671389204	0.496312687
2008	2.051922491	8.45189057	5.834788318	0.626717575
2009	2.047973877	8.458963865	5.08594636	0.575208906
2010	2.160756843	8.329741287	4.639593686	0.491282351
2011	1.659187359	8.958035644	5.089070886	0.570582227
2012	1.537874146	9.145806148	5.174813991	0.566194903
2013	1.696794857	8.931815961	5.056521723	0.577819374
2014	1.836342572	8.718535579	5.488937715	0.576410891
2015	1.414674259	9.320487764	4.36536649	0.486656293
2016	1.555557768	9.114497173	5.018252995	0.543912661
2017	1.33947114	9.433373923	5.032428496	0.5297857
2018	1.900317167	8.652442267	4.429238196	0.447932995
2019	1.99630338	8.53620802	5.121819267	0.544238627
2020	1.58294106	9.062512367	4.473918613	0.438007513
2021	1.411487141	9.330506261	5.102342985	0.520829613
2022	1.913009139	8.632220672	5.578750904	0.598141025
2023	1.386618032	9.35741628	4.645517652	0.422885235
2024	1.559251038	9.122773351	5.320259494	0.553126858
2025	1.332733324	9.454011493	4.520853423	0.463909443
2026	1.285332413	9.524172404	5.524069013	0.541413721
2027	1.752940972	8.833230238	4.92481614	0.497280798
2028	1.100389429	9.849617791	4.845482982	0.501500432
2029	1.428381333	9.300150979	5.241735362	0.564223715
2030	1.553446029	9.106756333	4.74769714	0.525734612
2031	1.242715772	9.593559088	5.302979701	0.506538768
2032	1.610466594	9.037100985	4.988996059	0.503189614
2033	1.505915034	9.173326288	4.639864044	0.498218414
2034	1.305326507	9.493555492	5.310301448	0.55828927
2035	1.219824867	9.638101618	5.372745378	0.551005316
2036	0.547482285	11.18335897	5.160101165	0.53079271
2037	1.636890045	8.991377312	4.976450001	0.560129454
2038	1.238448507	9.600059798	5.089916462	0.478978454
2039	1.235715602	9.606451278	5.192817204	0.475665349
2040	1.102846129	9.849237761	4.347451229	0.432678689
2041	1.047722187	9.952716501	6.275764229	0.581438922
2042	0.912977126	10.21940927	4.935897398	0.493827462
2043	1.19182865	9.683564313	5.331434526	0.558491251
2044	1.424046004	9.297570306	4.731622282	0.515180622
2045	1.180138811	9.71108731	4.967349443	0.510359919
2046	1.455962579	9.264570994	4.946649558	0.494674918
2047	1.474743707	9.225181292	4.342080343	0.431033214
2048	1.149409007	9.751517314	5.468668107	0.542290714
2049	1.442697433	9.272268927	5.286134758	0.548915907
2050	1.326637633	9.45609644	5.0440804	0.475785499
2051	0.867536917	10.32233929	5.481829724	0.528710366
2052	1.101319687	9.845525906	5.24943879	0.508353216
2053	1.254564848	9.592273902	4.950438702	0.484917721
2054	1.107954452	9.83148224	5.031169595	0.495292871
2055	1.191168371	9.685300784	4.97913817	0.471882144
2056	0.915454817	10.22010734	5.100065199	0.501549275
2057	0.860987485	10.35717264	5.178797462	0.479096548
2058	1.233821067	9.614283976	4.875569149	0.506368472
2059	1.322063052	9.456501929	5.092071732	0.508874641
2060	1.51773355	9.169213362	4.607614347	0.489055012
2061	1.20309281	9.660477671	4.905626021	0.491036336
2062	1.462539843	9.237516515	4.984031588	0.49338799
2063	0.925705934	10.19669287	5.08966369	0.50231854
2064	0.743733624	10.6266091	5.319473455	0.508581263
2065	1.031371441	9.976483059	5.097974913	0.512520321
2066	1.04255684	9.962810977	4.967700056	0.482476468
2067	1.056271258	9.931174913	4.793659614	0.462305349
2068	0.998749595	10.04482678	5.064636108	0.502190175
2069	1.032859466	9.977222163	4.456527043	0.420967491
2070	0.872153882	10.31066332	5.308760285	0.514603122
2071	0.86278693	10.33241398	5.302331755	0.498206315
2072	1.027660794	9.989954929	4.671025578	0.432507268
2073	0.80990453	10.45587256	5.107741186	0.494544338
2074	1.441550336	9.283129149	5.107138242	0.513977117
2075	1.106763606	9.839762808	5.097199665	0.467851992
2076	0.981709574	10.0843941	4.972886276	0.486294384
2077	0.801210326	10.4786824	5.302338097	0.54533083
2078	1.230383375	9.614983539	4.961894269	0.490293847
2079	0.906001506	10.24567619	4.820709483	0.443007701
2080	1.12324375	9.804608667	5.152212038	0.527512949
2081	1.278856496	9.528375654	5.427198375	0.503997264
2082	0.998030597	10.04948866	4.76732269	0.436300495
2083	0.984908169	10.07517401	5.644174155	0.522630019
2084	0.741341128	10.62143538	4.822168031	0.443171766
2085	1.001523927	10.04424879	5.31662998	0.497456964
2086	0.80117026	10.47373119	4.53408867	0.426101085
2087	1.149551475	9.765256093	4.665886486	0.441381557
2088	0.613006192	10.95985598	5.297630219	0.517771945
2089	0.847362767	10.36312665	4.728136964	0.445330843
2090	1.214768424	9.642601802	5.079352959	0.473397341
2091	1.447680401	9.262728926	4.805874252	0.46585179
2092	1.236730003	9.600692083	4.304719364	0.41333875
2093	0.794290435	10.50170813	4.346581166	0.46387353
2094	0.890244285	10.27181046	4.954928891	0.471563765
2095	0.766461739	10.55973405	5.236345149	0.516295055
2096	1.313779652	9.477390772	4.863048482	0.51730492
2097	0.8773688	10.30617893	4.699932543	0.417264617
2098	0.872214736	10.31377195	4.943607244	0.489567362
2099	1.202975026	9.663523916	5.360965453	0.488797766
2100	0.787481879	10.5058646	4.801341484	0.467061846
2101	0.949641358	10.15101219	4.728860693	0.49132529
2102	1.083653822	9.880591411	5.176582611	0.512833496
2103	1.230054114	9.613243057	5.498314881	0.514876519
2104	1.205560554	9.665503997	4.960776972	0.478198987
2105	0.944442968	10.15632612	5.165806104	0.484421095
2106	0.87736209	10.30297906	4.657984743	0.450147186
2107	0.850966327	10.36215622	4.858064406	0.470239061
2108	0.722962251	10.66080591	4.994745411	0.470988511
2109	0.634103001	10.90390797	5.139913702	0.495827848
2110	1.09370131	9.860695985	5.056995884	0.495898693
2111	1.08564865	9.878745274	5.012189707	0.497551192
2112	1.134240921	9.794404045	5.044713617	0.47487936
2113	0.911397914	10.22446007	4.841219814	0.458549241
2114	0.720540287	10.68541424	4.943548299	0.507551863
2115	0.730638798	10.63987257	4.797688276	0.482416013
2116	0.77810855	10.52719175	5.211476796	0.504667703
2117	1.129145523	9.798923029	5.181705017	0.470127492
2118	0.837335862	10.3893658	4.917481125	0.460176235
2119	0.869574252	10.31511495	5.054739888	0.458155557
2120	1.180178393	9.700740274	5.276303225	0.492744308
2121	0.736567608	10.63805133	4.912559599	0.463835435
2122	0.718846344	10.67266042	4.864907517	0.475066949
2123	0.734867374	10.64179074	4.695167142	0.447627189
2124	0.850574093	10.35678336	4.826820792	0.492928618
2125	0.635541225	10.891072	5.398985135	0.471617969
2126	0.736755371	10.63064097	5.764770554	0.535571436
2127	0.671884436	10.80191897	4.976498265	0.481014739
2128	1.200591765	9.664762884	4.807862096	0.449242457
2129	0.93429002	10.17213008	5.248738062	0.488204339
2130	0.601701557	10.97480184	4.598689937	0.435284463
2131	0.750172407	10.59860446	4.497744815	0.422008868
2132	0.737257809	10.62886484	4.874842843	0.485747159
2133	0.774254844	10.53297106	4.767401144	0.465452413
2134	0.788119743	10.50080746	4.778576804	0.454776252
2135	1.125964217	9.807541108	4.747635835	0.453835626
2136	0.794301514	10.48743297	5.020486863	0.485477715
2137	0.844428671	10.37479133	4.839607694	0.448425351
2138	0.861017946	10.33572465	4.746593969	0.437623943
2139	0.856441114	10.34246766	5.650350458	0.507803103
2140	0.962011007	10.11587771	5.155220377	0.508903489
2141	0.949084468	10.1428249	5.010940055	0.463191875
2142	0.756624509	10.59086603	4.992383504	0.477976884
2143	1.007286421	10.02966873	4.519494084	0.445442547
2144	0.764141904	10.55792269	5.266815934	0.460294368
2145	0.823223391	10.41914752	5.39498795	0.507092436
2146	0.56933461	11.07581128	4.883693873	0.451071854
2147	1.116066762	9.815745229	4.822411125	0.452114143
2148	0.998957908	10.04262415	4.670786386	0.429014272
2149	0.835830749	10.39155097	4.763076939	0.464138958
2150	1.188795147	9.684114431	4.891808275	0.430591369
2151	0.82883649	10.41432747	5.323052649	0.508484156
2152	1.006522829	10.02983028	4.850449509	0.442236865
2153	0.613170059	10.96284678	4.436918497	0.405116123
2154	0.575367151	11.09159291	4.626867796	0.4412885
2155	0.996588789	10.0531338	4.590164926	0.454753492
2156	0.689852561	10.74991852	5.370756885	0.487897332
2157	1.197009494	9.68272876	5.420244916	0.509937322
2158	0.817005461	10.43348778	4.79846121	0.455257417
2159	0.723764166	10.66721263	5.274377177	0.490012923
2160	0.702125636	10.72205394	5.011402097	0.445214105
2161	0.931130161	10.18144141	4.930383642	0.469596654
2162	0.852244516	10.36263177	5.060923151	0.473864361
2163	1.158090079	9.749875069	4.960803596	0.46421726
2164	0.956091838	10.13177523	4.828634003	0.468653279
2165	1.102363282	9.844820718	4.993507498	0.481464602
2166	0.786271735	10.50818105	5.297870672	0.492066432
2167	0.9519923	10.13952818	4.843636766	0.470851679
2168	1.247232151	9.582201523	5.192635189	0.532672436
2169	1.06913138	9.909440161	5.286069873	0.501914389
2170	1.046710045	9.95504989	5.009884629	0.453802483
2171	1.131875068	9.787252775	5.316557778	0.495352754
2172	0.805998599	10.46262316	5.17936527	0.46903376
2173	1.213890188	9.642185853	5.088845293	0.496450313
2174	0.788903313	10.50838556	5.384541939	0.494308874
2175	0.754054999	10.61613579	5.050297277	0.480503907
2176	1.027315472	9.987925067	5.318558979	0.498816306
2177	0.810115581	10.45111975	5.148699848	0.47526667
2178	1.208324521	9.655490881	5.132870017	0.510116028
2179	0.701093856	10.72900673	4.999863139	0.453405958
2180	0.911029822	10.22913976	4.756867625	0.459232265
2181	0.878586673	10.30299724	4.883275063	0.490901179
2182	0.838500623	10.38808217	4.844719831	0.51360692
2183	0.575244146	11.07300802	5.01055552	0.442149896
2184	1.203047158	9.665280883	4.726422402	0.469056713
2185	1.18948525	9.683091443	4.785911422	0.436912667
2186	0.78769962	10.5063631	5.248050997	0.473684724
2187	0.745558228	10.61238235	4.840480961	0.491050198
2188	0.557597728	11.12341058	5.013962819	0.468490569
2189	0.774711388	10.53707993	5.03525484	0.503536592
2190	0.68653113	10.7607546	5.029708302	0.472445293
2191	0.860112859	10.33545826	4.921930139	0.465087391
2192	0.927710842	10.19385302	4.851092105	0.447308285
2193	0.785135374	10.51335463	4.882905508	0.469877566
2194	0.764776876	10.55989484	4.990887993	0.462786709
2195	0.812574288	10.44771108	4.623083151	0.435689393
2196	1.209630732	9.64843456	4.787142723	0.431750785
2197	1.099284843	9.848325678	4.865458224	0.451421214
2198	0.804629781	10.47610641	4.902327875	0.473631651
2199	1.027764895	9.985176183	5.296847901	0.494636452
2200	0.691736189	10.74586165	4.686572936	0.47183745
