Year	Chla	Secchi	DIN	PO4
1850	0.384410308	8.084533502	1.642335393	0.180289952
1851	0.323314483	8.161013224	1.507030286	0.160116892
1852	0.341701325	8.137843723	1.325026786	0.151117634
1853	0.339409	8.140725298	1.294468762	0.15699157
1854	0.328405408	8.154585308	1.145308286	0.136357366
1855	0.349321408	8.128279452	1.272774167	0.162134548
1856	0.3625601	8.111716995	1.205529548	0.148545925
1857	0.374728608	8.096554694	1.336268405	0.160032237
1858	0.331615783	8.150536812	1.211338786	0.138315871
1859	0.394726092	8.071766822	1.159519595	0.146046505
1860	0.370194242	8.102197724	1.224692167	0.147430226
1861	0.345812483	8.132680849	1.302402524	0.143005269
1862	0.343607367	8.135449266	1.176041643	0.144343677
1863	0.483688508	7.96349054	1.4098075	0.17071157
1864	0.387841533	8.080282258	1.230765048	0.148858441
1865	0.335169217	8.146060238	1.261718095	0.145843484
1866	0.395835475	8.070396446	1.324352643	0.153854032
1867	0.316405017	8.169752636	1.392449381	0.16145328
1868	0.375029025	8.096181117	1.283570429	0.163021903
1869	0.386975983	8.081354212	1.29530069	0.162189753
1870	0.375370917	8.095756008	1.325869595	0.148092634
1871	0.285866817	8.208582617	1.231388833	0.141900645
1872	0.289866967	8.203478089	1.189652	0.135969183
1873	0.32341295	8.160888806	1.227537714	0.14098557
1874	0.39777325	8.068004	1.252335571	0.146982301
1875	0.336145775	8.144830822	1.203437024	0.14138072
1876	0.331737058	8.150383952	1.359064238	0.165302204
1877	0.262592517	8.238383715	1.136810405	0.13123729
1878	0.380584167	8.089279671	1.193717548	0.136714925
1879	0.303314667	8.186357409	1.117947095	0.133021204
1880	0.3288558	8.1540171	1.172742619	0.134207828
1881	0.352755492	8.123976579	1.256506952	0.151464409
1882	0.396124575	8.070039416	1.239712452	0.151561301
1883	0.331445042	8.15075203	1.357562286	0.148514161
1884	0.321017492	8.163916613	1.4149295	0.155075441
1885	0.350746375	8.126493424	1.230042071	0.155959484
1886	0.356674617	8.119071599	1.334995714	0.170184903
1887	0.394174433	8.07244845	1.363777357	0.154538957
1888	0.273258475	8.224705889	1.301285881	0.153973151
1889	0.385367092	8.083347579	1.463965071	0.175482806
1890	0.398994925	8.066496465	1.266720738	0.146783484
1891	0.378637525	8.091696671	1.327524262	0.151457602
1892	0.326202042	8.15736614	1.317988262	0.156679667
1893	0.343703208	8.135328902	1.253500881	0.148681204
1894	0.410193933	8.052705539	1.551262881	0.169883151
1895	0.37485945	8.096391984	1.290008881	0.159360903
1896	0.407736525	8.05572728	1.433549929	0.170088269
1897	0.331868542	8.150218232	1.26679731	0.138735097
1898	0.398483925	8.06712696	1.348782643	0.158124495
1899	0.359175367	8.115944945	1.26996731	0.145746301
1900	0.361601333	8.112914152	1.238199238	0.154951946
1901	0.339877592	8.140136089	1.262842667	0.156339086
1902	0.373643958	8.097903793	1.277012595	0.164844925
1903	0.479929975	7.967998499	1.096569214	0.156175323
1904	0.386104192	8.082434205	1.230356643	0.152141785
1905	0.458232425	7.994137365	1.398781714	0.168238452
1906	0.483720417	7.963452295	1.263964452	0.161196892
1907	0.4183277	8.042721647	1.38459231	0.160775011
1908	0.357704842	8.117783224	1.273469286	0.153712161
1909	0.459780533	7.992265876	1.254660357	0.15862143
1910	0.455634317	7.997280429	1.307051143	0.158451538
1911	0.465010467	7.985950856	1.33557669	0.165158774
1912	0.439630158	8.016703435	1.284399381	0.156306011
1913	0.468995217	7.981147011	1.247030429	0.170527075
1914	0.503856033	7.939402042	1.594409071	0.192279656
1915	0.49545755	7.949412832	1.262648143	0.170206183
1916	0.493937908	7.951227337	1.271470929	0.181979731
1917	0.503157958	7.940233016	1.288393357	0.166146419
1918	0.530493192	7.907844401	1.500653143	0.189496935
1919	0.496737442	7.947885341	1.217473048	0.155275806
1920	0.571065367	7.860338099	1.348223929	0.173918258
1921	0.4978841	7.946517436	1.359103738	0.172007484
1922	0.552576617	7.881903267	1.499162048	0.189081785
1923	0.547682042	7.887635618	1.477769048	0.193770462
1924	0.48474055	7.962229782	1.701652333	0.192842828
1925	0.482487542	7.964930333	1.605117167	0.178743753
1926	0.556014958	7.877882261	1.529967524	0.185943656
1927	0.550773708	7.884013629	1.590322976	0.187903022
1928	0.52405255	7.915447907	1.544167238	0.177807065
1929	0.492062025	7.953468529	1.56616169	0.178370591
1930	0.622671875	7.800874714	1.704796214	0.189435
1931	0.583652008	7.84573652	1.783140238	0.202164849
1932	0.5688305	7.862937445	1.811417571	0.210240871
1933	0.575051283	7.855707158	1.66143869	0.194617462
1934	0.692359733	7.722244622	1.65532931	0.190158624
1935	0.697226075	7.716823779	1.838284738	0.202792
1936	0.619501283	7.804497337	1.819893714	0.189986946
1937	0.65712745	7.761762041	1.651039071	0.196350355
1938	0.635813033	7.785902383	1.665534833	0.194689333
1939	0.698113267	7.715836465	1.755727024	0.198448387
1940	0.523143717	7.916522209	1.734719714	0.202123462
1941	0.604595658	7.821581587	1.633024286	0.198778118
1942	0.606141842	7.819805296	1.551099429	0.201896
1943	0.799894142	7.604510848	1.750197952	0.20977272
1944	0.744324758	7.664818941	1.674844786	0.199857204
1945	0.7199864	7.691588913	1.935962929	0.212948602
1946	0.725834725	7.685136175	1.905442214	0.222828699
1947	0.636832875	7.784743275	1.620465024	0.192954462
1948	0.816801417	7.586381563	1.636653667	0.195898785
1949	0.877346283	7.522277439	1.725319262	0.217803968
1950	0.773296942	7.633236629	1.994555143	0.225301194
1951	0.622282967	7.801318855	1.917591286	0.200989301
1952	0.806518417	7.597395738	2.042368119	0.250743398
1953	0.6843725	7.731161527	1.987481333	0.207370688
1954	0.723648217	7.687547159	1.889374429	0.21846257
1955	0.726527783	7.684372337	2.0779015	0.233208624
1956	0.621453408	7.802266427	2.268899429	0.251892688
1957	0.638032733	7.783380092	2.431900976	0.247744247
1958	0.621588917	7.802111622	2.25844	0.232687516
1959	0.751308833	7.65717757	2.289033071	0.217161591
1960	0.730707133	7.679769957	1.95216381	0.215062355
1961	0.73094455	7.679508704	2.641858071	0.250261301
1962	0.772583	7.634011216	2.563263286	0.250083645
1963	0.592776917	7.835190835	2.40906831	0.232406387
1964	0.6642825	7.753698037	2.437466357	0.235333613
1965	0.675538383	7.741052314	2.59530969	0.246991516
1966	0.543452875	7.892596564	2.655950048	0.23895329
1967	0.544736383	7.891090194	2.89131269	0.254309032
1968	0.624232467	7.799093091	3.414683357	0.275466774
1969	0.525981983	7.913168319	2.987694095	0.250035656
1970	0.682791083	7.732929902	3.037411905	0.280776634
1971	0.797943592	7.606608898	3.234689667	0.290196634
1972	0.905050767	7.493360244	3.217173857	0.315466935
1973	0.904193967	7.494250712	2.992960357	0.293741978
1974	0.999696133	7.396462568	3.238730262	0.324408645
1975	0.941517325	7.455684513	3.801592476	0.342284753
1976	1.0498054	7.34629978	3.395676738	0.334059731
1977	1.108949217	7.288061583	3.133160571	0.341877925
1978	1.204276325	7.19630311	2.8805205	0.317575441
1979	0.980157967	7.416231633	3.087329929	0.316526785
1980	1.236535417	7.165817152	3.490029905	0.330544011
1981	1.18172285	7.217784046	3.713751	0.368381258
1982	1.054539967	7.341599565	4.041632905	0.360120172
1983	1.761850533	6.704496712	3.437996357	0.394673882
1984	1.783534433	6.686718112	3.758452976	0.427151312
1985	1.553746075	6.879893283	2.768580381	0.348315097
1986	1.785463108	6.68514114	3.478120667	0.401871075
1987	1.745233233	6.718182414	2.94645819	0.397882645
1988	1.639634325	6.806427305	3.28743219	0.412958269
1989	2.720591417	5.991636595	3.103128	0.42615457
1990	2.50728205	6.138770202	2.667372167	0.398101946
1991	2.465666642	6.168156026	2.624177548	0.400077871
1992	2.934123967	5.849812078	2.626647595	0.414212032
1993	2.469309967	6.16557415	2.983638786	0.424379484
1994	1.6955778	6.759399474	3.058330619	0.394954989
1995	2.341222392	6.257434931	3.03390419	0.390450817
1996	1.646984325	6.800212233	2.588902976	0.351164075
1997	2.507230833	6.138806227	2.847667095	0.382278344
1998	2.450768192	6.178732528	2.618990738	0.422647903
1999	1.741971408	6.720875077	3.135081333	0.381823215
2000	2.671878592	6.024738104	3.148866667	0.437780667
2001	1.812562092	6.663058144	2.538190238	0.330098505
2002	1.96785295	6.539099966	2.819976762	0.37033657
2003	2.067572267	6.461709683	2.527956833	0.377090538
2004	2.470065908	6.165038667	2.286170381	0.374617667
2005	3.0329467	5.785892512	3.074394119	0.434761871
2006	2.228554475	6.340163921	2.792483381	0.421468796
2007	2.484845767	6.154584487	3.117948452	0.399648398
2008	2.546211792	6.11148736	2.967265143	0.420949226
2009	2.251486475	6.323174232	2.372627357	0.404151946
2010	2.104740342	6.433283851	2.699345881	0.423965462
2011	1.993566925	6.518983829	2.45678719	0.364722527
2012	2.45565985	6.175256611	2.892309119	0.423272086
2013	2.39035965	6.22192658	2.608907786	0.404220892
2014	2.1366219	6.409077435	2.395715762	0.355197355
2015	1.85731105	6.626891955	2.376972119	0.345977226
2016	1.749148858	6.714952764	2.082864024	0.300875118
2017	2.341612817	6.257151452	2.404055262	0.388594742
2018	2.718852442	5.992813342	2.338563452	0.389512817
2019	2.361399658	6.242812978	2.492510905	0.398204237
2020	1.864014542	6.621505878	2.296861214	0.38397957
2021	1.907917375	6.586431763	2.51953569	0.384678204
2022	2.219026483	6.347246151	2.810590143	0.42717014
2023	2.083963058	6.449146618	2.455901452	0.344190194
2024	2.357341525	6.245749175	2.244886952	0.361219774
2025	2.585107992	6.084423847	2.689406357	0.404212065
2026	2.404922567	6.211467748	2.546190595	0.432515226
2027	2.28900175	6.295548389	2.154895048	0.357305452
2028	1.739834075	6.722640587	2.141966929	0.313289871
2029	1.6763831	6.775463595	2.283421595	0.357193581
2030	2.199816558	6.36156681	2.451483976	0.35735914
2031	1.960482242	6.544886992	2.909880405	0.422705419
2032	1.719319642	6.739631644	2.1739765	0.36206457
2033	1.629012875	6.8154284	2.025199667	0.303305796
2034	1.39641215	7.018693027	2.217790381	0.289611344
2035	1.421730217	6.99597214	2.67008131	0.326213323
2036	0.3170748	8.168904696	2.479225905	0.31761943
2037	2.098608692	6.437957943	2.388309119	0.492019344
2038	1.3780221	7.035292667	1.827889643	0.306028828
2039	1.373252592	7.039611165	2.559312095	0.316997409
2040	1.511891325	6.916270485	1.852563738	0.278308129
2041	1.831081525	6.648045792	2.583986929	0.361222194
2042	1.652554342	6.795509696	2.793611357	0.364190742
2043	1.317076658	7.090895457	2.457556857	0.325898376
2044	1.2955565	7.110750653	2.29601331	0.279188602
2045	1.080887558	7.315565166	2.482051048	0.29033143
2046	0.981377192	7.414994498	2.885700143	0.301229441
2047	1.277589892	7.127417715	2.617660143	0.296685484
2048	1.232454533	7.169658354	2.140868929	0.28633043
2049	1.450445092	6.970385579	2.216459286	0.395640634
2050	1.3193257	7.088827176	2.403743405	0.350503957
2051	1.209370517	7.191470328	2.360508405	0.311769043
2052	1.035876333	7.360166917	2.416480643	0.275669742
2053	1.093851383	7.302830632	2.07730819	0.260298538
2054	1.343739192	7.066457291	2.60144819	0.310305699
2055	1.0412927	7.354767671	2.39483819	0.268781333
2056	0.803332658	7.600815606	2.625620143	0.298961247
2057	0.302564442	8.187310897	2.407040429	0.316034796
2058	1.5774689	6.859444753	2.135945357	0.423659634
2059	1.451282642	6.969642156	2.186097548	0.30851128
2060	1.513747492	6.914649033	2.362103976	0.316919624
2061	0.955805142	7.441040776	2.069894381	0.263768473
2062	1.14777425	7.25038264	2.230052786	0.253297398
2063	0.954333683	7.442545859	1.929679952	0.219756247
2064	0.824203975	7.578475682	2.160988548	0.235006581
2065	1.124582492	7.27283809	2.294216833	0.296498935
2066	1.022886317	7.373152194	2.321912976	0.286785645
2067	0.837348458	7.564484669	2.653880881	0.279328677
2068	1.096762625	7.299977636	2.318540524	0.294432441
2069	0.78478925	7.620793435	2.30963119	0.271686581
2070	0.82718685	7.575295419	2.478372881	0.267720581
2071	0.858892008	7.541683068	2.698789929	0.278744269
2072	0.783930992	7.621721063	2.357801405	0.257544473
2073	0.685818	7.729545973	2.480547333	0.260240086
2074	0.846631858	7.55463955	2.449863762	0.263617237
2075	0.723676683	7.687515758	2.634117476	0.25988714
2076	0.623541567	7.799881727	2.23208869	0.239536452
2077	0.715189883	7.696890696	2.167206381	0.22726957
2078	0.745653183	7.66336411	2.33673381	0.240861226
2079	0.690218317	7.724632901	2.200865786	0.230134161
2080	0.734229242	7.675896388	2.499082905	0.251717968
2081	0.749225633	7.65945495	2.247602381	0.228117333
2082	0.7233254	7.687903269	2.079535143	0.23722271
2083	0.69566315	7.718563812	2.248943857	0.256896935
2084	0.46218165	7.98936517	2.236973786	0.215505656
2085	0.716307083	7.695655039	2.3859105	0.236547903
2086	0.640386425	7.780707657	2.06186381	0.230325054
2087	0.606970292	7.818853947	2.141503571	0.23029172
2088	0.530257	7.908122935	2.345071667	0.229960462
2089	0.527335725	7.911569815	2.367749262	0.226490645
2090	0.535070142	7.902451463	2.316924381	0.216889355
2091	0.616341483	7.808111596	2.239936833	0.217982645
2092	0.554013483	7.880222321	2.43251531	0.221157054
2093	0.542417692	7.893811984	2.142341	0.201258753
2094	0.583837392	7.845521938	2.180487929	0.211623946
2095	0.710198825	7.702416684	2.55960331	0.257037075
2096	0.694364708	7.720010097	2.243494405	0.207678871
2097	0.48574505	7.961026426	2.359954643	0.214086925
2098	0.462893725	7.988505399	2.359924714	0.204166151
2099	0.651477633	7.768143644	1.895525905	0.212557839
2100	0.564150067	7.868387773	2.149273476	0.20816043
2101	0.681502325	7.734371729	2.14208731	0.219681151
2102	0.737349025	7.672469136	2.301676929	0.242230097
2103	0.597776142	7.82942741	2.157539738	0.221371602
2104	0.59142475	7.836751423	1.96043531	0.212556892
2105	0.557407958	7.876254576	2.24467831	0.22179957
2106	0.6770085	7.739404276	2.450847381	0.250103108
2107	0.655837058	7.763218475	2.309870452	0.219333473
2108	0.605595142	7.820433249	2.134723905	0.223489892
2109	0.518320133	7.922229712	2.183571952	0.228354032
2110	0.635673092	7.786061466	1.905032667	0.217390785
2111	0.525813167	7.913367711	2.222735024	0.208268667
2112	0.559470217	7.873846332	2.208810024	0.20830757
2113	0.528102283	7.910664995	2.742461405	0.264061989
2114	0.480460225	7.967362165	2.019773714	0.194804688
2115	0.56382795	7.868763203	2.250036738	0.23174586
2116	0.450828525	8.003101648	2.049017071	0.219893398
2117	0.353219592	8.12339542	2.0764935	0.187884344
2118	0.413954392	8.048086325	2.01494481	0.181971495
2119	0.424934417	8.034632271	2.233688476	0.206738118
2120	0.615785742	7.808747677	2.345578619	0.237623516
2121	0.445724825	8.009294246	2.025328595	0.194090247
2122	0.4393172	8.01708431	1.941735571	0.194388559
2123	0.442602475	8.013088107	2.089587714	0.196612774
2124	0.475314233	7.973542631	2.031594262	0.19538129
2125	0.50574545	7.937153935	2.046666	0.187153301
2126	0.397570658	8.068254055	2.344451071	0.23083857
2127	0.4386592	8.01788524	1.828415881	0.178218086
2128	0.586513842	7.842425481	2.133084929	0.194509935
2129	0.465675642	7.985148489	2.229123262	0.215838011
2130	0.554347908	7.879831208	2.187127857	0.221244376
2131	0.39124225	8.076073534	2.20396069	0.206473634
2132	0.47016725	7.979735316	2.260378024	0.214819968
2133	0.491314425	7.954362124	2.110912405	0.206373387
2134	0.427553408	8.031430535	2.253070595	0.197655581
2135	0.472659192	7.976735715	2.121367857	0.190336742
2136	0.355575967	8.120446005	2.039283643	0.17492757
2137	0.322690608	8.161801606	2.05049669	0.175298785
2138	0.349134275	8.128514061	2.166442429	0.197401226
2139	0.559654142	7.873631635	2.282907262	0.202103366
2140	0.34527255	8.133358535	2.287190833	0.196341806
2141	0.606328392	7.819591048	2.297927595	0.222987527
2142	0.449661858	8.004516272	2.136282476	0.198087849
2143	0.403859225	8.060500035	2.030541786	0.188475548
2144	0.483096192	7.964200571	2.516458833	0.223441151
2145	0.460392567	7.991526272	2.032727595	0.19167657
2146	0.315533925	8.170855676	2.24367819	0.200710839
2147	0.550612592	7.884202286	2.280225048	0.20856328
2148	0.378086742	8.092380815	1.837588286	0.176138957
2149	0.553372867	7.880971654	1.7233465	0.198995032
2150	0.374438808	8.096915104	1.979752905	0.19200286
2151	0.447818292	8.006752817	2.120368619	0.202719097
2152	0.443974183	8.011420892	2.088541048	0.187087387
2153	0.480918492	7.96681231	2.148436333	0.199434032
2154	0.423671325	8.036177425	2.048148095	0.202868882
2155	0.751125317	7.657378129	2.011039238	0.23459928
2156	0.488904033	7.957244811	2.079642214	0.207476591
2157	0.405139933	8.058922866	2.071173786	0.192302409
2158	0.532076592	7.905977734	2.257042976	0.20876472
2159	0.403693675	8.060703956	2.276905524	0.188083968
2160	0.427308642	8.031729643	2.057397833	0.207397097
2161	0.592066125	7.836011096	2.272159214	0.229054914
2162	0.505115742	7.937903024	2.3617125	0.230400419
2163	0.487242583	7.959233213	2.010008905	0.212337495
2164	0.478354158	7.969890272	1.974462262	0.186015753
2165	0.648089692	7.771976371	2.455757571	0.248655892
2166	0.460094775	7.991886115	2.1158885	0.216029882
2167	0.452088117	8.001574984	2.293333119	0.214852312
2168	0.504272125	7.938906832	2.264309738	0.225476086
2169	0.534279608	7.903382318	2.087035214	0.205917968
2170	0.413827517	8.048242079	2.043657262	0.196325194
2171	0.393610117	8.073145847	2.185908905	0.203681172
2172	0.271389825	8.227099734	1.78754581	0.168231731
2173	0.447272583	8.007415121	2.145433381	0.198008183
2174	0.468818292	7.981360164	2.16934931	0.204423731
2175	0.35764785	8.117854485	1.978471357	0.203937677
2176	0.557111392	7.87660104	1.980930095	0.221564409
2177	0.32550945	8.158240623	1.990089143	0.199870086
2178	0.4021626	8.062590435	2.174004333	0.203415946
2179	0.39552275	8.070782692	2.091839595	0.185730548
2180	0.336768892	8.144046553	2.026077333	0.193255634
2181	0.388264858	8.079758095	2.100108833	0.184968699
2182	0.330772342	8.151600071	2.047955286	0.187436108
2183	0.374450183	8.096900957	1.990664524	0.189236645
2184	0.51497985	7.926187735	2.196050833	0.214134161
2185	0.404442675	8.059781444	2.144682571	0.180980634
2186	0.406263433	8.057539851	2.220128976	0.21395171
2187	0.333195275	8.148546395	1.955525071	0.180872473
2188	0.350657475	8.126604826	1.989410238	0.187603194
2189	0.286060483	8.20833536	1.873978357	0.184944194
2190	0.404220892	8.060054581	2.053642357	0.191482989
2191	0.455218692	7.997783492	2.309504262	0.214543108
2192	0.379068375	8.091161584	2.326996524	0.212735366
2193	0.4458293	8.009167372	2.169619857	0.195810108
2194	0.412333017	8.05007725	2.144179	0.192760226
2195	0.492578042	7.952851878	2.036480048	0.198546398
2196	0.421926458	8.038313027	2.217144476	0.196684581
2197	0.409464825	8.053601824	1.998185286	0.197962871
2198	0.361144408	8.113484817	1.873225262	0.189423366
2199	0.497998958	7.946380445	2.131670024	0.209699344
2200	0.402040742	8.062740622	1.916239429	0.185210398
