Year	Chla	Secchi	DIN	PO4
1850	0.363933558	8.281781711	1.765424714	0.185777339
1851	0.290098317	8.37974062	1.658700405	0.165026634
1852	0.285388192	8.386070443	1.473477286	0.152663624
1853	0.3093699	8.353939461	1.463443762	0.165315376
1854	0.325066233	8.333044103	1.29527069	0.140873172
1855	0.362253325	8.283983396	1.443859643	0.170451806
1856	0.309686183	8.353517347	1.362352143	0.154530323
1857	0.361207875	8.285353959	1.508814	0.169349731
1858	0.28660275	8.38443735	1.385162595	0.14757043
1859	0.329365925	8.327339363	1.273868381	0.151695151
1860	0.387939533	8.250469817	1.363321238	0.152832817
1861	0.290986967	8.378547418	1.498768357	0.154742634
1862	0.310425325	8.352531052	1.278826976	0.146589935
1863	0.447933325	8.173407822	1.460826048	0.167848667
1864	0.371467542	8.27192578	1.341304071	0.152907871
1865	0.301629475	8.364283416	1.361632905	0.146789957
1866	0.353314908	8.295717842	1.460781333	0.159540226
1867	0.284172875	8.387705162	1.462541881	0.162348656
1868	0.337389033	8.316716761	1.389277357	0.166777935
1869	0.33429515	8.320809613	1.427969833	0.166041452
1870	0.340949117	8.312012566	1.448221214	0.156096774
1871	0.265556958	8.412819528	1.430771619	0.151730505
1872	0.245020592	8.440677769	1.370107286	0.145150785
1873	0.319102292	8.340970616	1.336703714	0.145799505
1874	0.339337367	8.314141572	1.433603595	0.156291226
1875	0.311386367	8.351249015	1.334688095	0.150164699
1876	0.309666117	8.353544127	1.46538469	0.167621914
1877	0.242994675	8.443434116	1.290739643	0.139045516
1878	0.348955658	8.301454117	1.3735745	0.148237129
1879	0.271291883	8.405068063	1.205821119	0.134297118
1880	0.302226808	8.363484247	1.331495786	0.142133806
1881	0.299577892	8.367029383	1.415136143	0.160216602
1882	0.386014183	8.25297114	1.343082762	0.154995419
1883	0.300206433	8.366187913	1.499659429	0.152436075
1884	0.292269892	8.376825398	1.545054667	0.158258344
1885	0.324514167	8.333777173	1.44665181	0.171177645
1886	0.366356783	8.278608766	1.457070238	0.17390914
1887	0.371781842	8.27151519	1.519284595	0.160269871
1888	0.280655433	8.392439865	1.45945231	0.162855441
1889	0.377187533	8.264460635	1.560742405	0.177936882
1890	0.375375642	8.26682367	1.467905905	0.16006429
1891	0.352082092	8.297339199	1.538913048	0.166764151
1892	0.327159583	8.330265654	1.436704571	0.160616849
1893	0.307858892	8.355956667	1.42332619	0.15635428
1894	0.357102783	8.290740558	1.705566548	0.178644656
1895	0.336380158	8.318050909	1.454333952	0.168064796
1896	0.359490892	8.28760599	1.552315167	0.174313957
1897	0.311795575	8.350703251	1.392405619	0.145886871
1898	0.383912025	8.255704158	1.437799452	0.158789226
1899	0.310928742	8.35185944	1.428361548	0.152295613
1900	0.343474542	8.308679046	1.371103762	0.164232258
1901	0.30813475	8.35558832	1.346381738	0.157006011
1902	0.336578492	8.317788594	1.398339214	0.167308333
1903	0.453104342	8.166845525	1.141829143	0.152500796
1904	0.366855242	8.27795643	1.327195548	0.157980118
1905	0.429505533	8.196896737	1.535564167	0.172952172
1906	0.454249483	8.165393992	1.415742548	0.169289591
1907	0.419560283	8.209640337	1.505429238	0.163057355
1908	0.314397767	8.347234405	1.334460167	0.146946312
1909	0.41583605	8.214424553	1.43780931	0.167602473
1910	0.378961567	8.262148466	1.402081595	0.157991065
1911	0.4274998	8.199463057	1.483089024	0.170931398
1912	0.392091817	8.245081318	1.440443762	0.166874624
1913	0.46523015	8.151506852	1.347033095	0.172483419
1914	0.403155783	8.230763153	1.74866169	0.194083333
1915	0.408591108	8.223750374	1.441688214	0.181442398
1916	0.423717992	8.204307043	1.335175	0.179139903
1917	0.432391342	8.193207716	1.438335143	0.175021075
1918	0.428588825	8.198069421	1.621638714	0.194237871
1919	0.418636225	8.210826785	1.339090857	0.161366968
1920	0.504860942	8.10185863	1.430185548	0.176389925
1921	0.519558492	8.083632813	1.397580881	0.166023194
1922	0.49519155	8.11390417	1.587166548	0.191568043
1923	0.501832333	8.105626787	1.620609333	0.202033602
1924	0.484511242	8.127259938	1.821927571	0.198732387
1925	0.420256667	8.20874648	1.733736357	0.178939946
1926	0.468521783	8.147355056	1.643389976	0.191883355
1927	0.51044105	8.094927133	1.699388595	0.190925301
1928	0.4301262	8.196102985	1.581864905	0.177235452
1929	0.460817933	8.157080087	1.615575786	0.174298656
1930	0.520430808	8.082554246	1.827697071	0.189996613
1931	0.563056375	8.030277424	1.920925762	0.211889366
1932	0.483936483	8.127980194	1.966638881	0.215600161
1933	0.511971017	8.093029174	1.816653857	0.199858753
1934	0.54382755	8.053756777	1.793439405	0.189764215
1935	0.589772458	7.997934174	2.004006095	0.207460731
1936	0.49502145	8.114116462	1.957840524	0.194104043
1937	0.546029458	8.051059568	1.767590429	0.197608441
1938	0.529019167	8.07195407	1.778684	0.192941075
1939	0.570157758	8.021648841	1.927862929	0.206183043
1940	0.401040908	8.233495592	1.850672881	0.203964366
1941	0.497698425	8.11077706	1.803357048	0.207629817
1942	0.486261708	8.125067305	1.66191981	0.205715204
1943	0.711180633	7.854902761	1.865955167	0.214901376
1944	0.60919635	7.974619918	1.802018429	0.201416473
1945	0.630091058	7.94972662	2.017328833	0.214397323
1946	0.625104317	7.955650243	1.98682931	0.220870054
1947	0.561084067	8.032677952	1.749808143	0.199572387
1948	0.66791165	7.905151775	1.763574833	0.204451634
1949	0.768588042	7.789427717	1.874960833	0.225840753
1950	0.638549508	7.939703871	2.121417548	0.227231344
1951	0.458244442	8.160335009	2.051687524	0.208358473
1952	0.650504808	7.925590565	2.079299071	0.235668376
1953	0.431695833	8.194096445	2.146419905	0.205236892
1954	0.61615295	7.966310708	1.909703952	0.214416613
1955	0.563057075	8.030276573	2.123568262	0.238875215
1956	0.46192055	8.155686468	2.441958643	0.254735903
1957	0.495075875	8.114048536	2.702795714	0.254228366
1958	0.473310542	8.14132404	2.358112095	0.233201183
1959	0.564489158	8.028534669	2.531947143	0.220985989
1960	0.583595717	8.005383342	2.146406381	0.220025602
1961	0.589069717	7.99878082	2.791893119	0.244422484
1962	0.596154883	7.990254891	2.785904333	0.257076796
1963	0.445142775	8.176954441	2.683207381	0.240511366
1964	0.509421908	8.096192007	2.736645381	0.247810323
1965	0.603729758	7.981164433	2.891032619	0.256485785
1966	0.42618135	8.201151043	3.030848714	0.245732957
1967	0.423899817	8.204073994	3.252583976	0.250651075
1968	0.490268683	8.120053587	3.833694762	0.285826882
1969	0.347988258	8.302728292	3.247588095	0.248996376
1970	0.528222683	8.072935694	3.205425976	0.290007419
1971	0.672286825	7.900034905	3.716680571	0.313358505
1972	0.83630435	7.713877048	3.589512595	0.33769272
1973	0.728017675	7.83556048	3.34415881	0.305196935
1974	0.841803142	7.707819556	3.487784238	0.334019634
1975	0.607154333	7.977063038	4.405755619	0.350885151
1976	0.957123008	7.583345541	3.774354143	0.355663151
1977	0.911834583	7.631656137	3.60181769	0.346239409
1978	0.892903317	7.652067595	3.226201071	0.326993495
1979	0.711831283	7.854153126	3.454593905	0.335458065
1980	1.108242975	7.427171205	3.846442619	0.344943441
1981	1.082941942	7.452800645	4.096703786	0.38381457
1982	0.727237292	7.836454404	4.762837333	0.382550839
1983	1.449013708	7.100102976	3.882150214	0.414522032
1984	1.548958542	7.009946083	4.182419881	0.470118312
1985	1.236671275	7.3000831	2.981313952	0.354441075
1986	1.581383883	6.981202989	3.946921714	0.431836591
1987	1.643473125	6.926830051	3.414443548	0.435674839
1988	1.4163338	7.130112224	3.725407929	0.429182925
1989	2.327869075	6.377514839	3.440548857	0.469195989
1990	2.126190967	6.530783323	2.953866167	0.42706371
1991	2.3006375	6.397836975	2.591115619	0.41256886
1992	2.593850933	6.184691284	2.920659619	0.476527527
1993	2.380222775	6.338758245	3.109596952	0.449299086
1994	1.493785067	7.059419225	3.30947431	0.401080151
1995	2.306355275	6.393560598	3.296141619	0.431473559
1996	1.620811383	6.946575615	3.207348452	0.392761129
1997	2.322572642	6.381458591	3.481016976	0.438579441
1998	2.559036258	6.209368658	3.162831	0.45141929
1999	1.730719025	6.851850879	3.7308715	0.423821355
2000	2.860178942	6.001069339	3.531761548	0.480546516
2001	1.628131108	6.940185385	3.053288833	0.358889183
2002	1.839805683	6.760325909	3.474273952	0.410527581
2003	1.983109742	6.643611253	3.071605381	0.427486935
2004	2.351290083	6.360126091	2.711223548	0.429860914
2005	2.903344442	5.972124915	3.391241071	0.489037462
2006	2.0538427	6.587389194	3.262237095	0.481708925
2007	2.388546825	6.332633541	3.750351405	0.479895505
2008	2.520745033	6.236699699	3.4321205	0.461746441
2009	2.270078767	6.420777367	2.519602952	0.44683571
2010	2.224670467	6.455134169	3.205799238	0.488959043
2011	1.853681258	6.748854212	2.741966833	0.405191355
2012	2.453391675	6.285266485	3.246891262	0.475326828
2013	2.3838983	6.336052597	2.704502976	0.422642118
2014	2.031139658	6.605338267	2.65847869	0.386276183
2015	1.951133042	6.669322603	2.712577	0.390368366
2016	1.872791083	6.733116219	2.317955929	0.330449785
2017	2.288593183	6.406861429	2.677981214	0.434636591
2018	2.886016525	5.983717854	2.677503071	0.449908742
2019	2.594860508	6.183978096	2.816457381	0.440575054
2020	2.058417492	6.583783242	2.636953524	0.434484699
2021	2.1554624	6.508131984	2.729708167	0.415755129
2022	2.1006664	6.550652184	3.175585452	0.456405516
2023	2.317652283	6.385126122	2.654498071	0.389466215
2024	2.448845233	6.288567811	2.566415071	0.398623935
2025	2.597284842	6.182266041	3.11398569	0.474130688
2026	2.476554792	6.268492439	2.870325	0.48492814
2027	2.47666055	6.268416025	2.298123238	0.397201946
2028	1.596646158	6.967757227	2.3548165	0.340572108
2029	1.6260783	6.941976316	2.445041167	0.377620215
2030	2.378154858	6.340281366	2.734943381	0.391982903
2031	1.9752817	6.649888305	3.20823119	0.471641226
2032	1.71664955	6.863832683	2.5991165	0.403918237
2033	1.495883083	7.057524712	2.292658952	0.294826409
2034	1.316815733	7.223187952	2.450640095	0.303538624
2035	1.31192425	7.227830402	2.95386431	0.342431032
2036	0.198303992	8.504549313	2.823931	0.348632828
2037	2.211746425	6.464972394	2.508692905	0.506570602
2038	1.532006642	7.025070019	2.071331238	0.348163355
2039	1.445839733	7.103005868	2.981581238	0.362407882
2040	1.500833658	7.053058529	2.200119667	0.324066269
2041	1.764408742	6.823327243	2.599810095	0.37448957
2042	1.67473635	6.899774701	3.143683452	0.405754656
2043	1.345371417	7.196214521	2.725081881	0.342456774
2044	1.336317908	7.204742766	2.706524619	0.31587271
2045	1.065423217	7.470665659	2.814754071	0.316005118
2046	0.941568892	7.59985607	3.279415667	0.324762495
2047	1.29060925	7.248136253	2.972673667	0.329647215
2048	0.46705505	8.149204441	2.5097265	0.319285516
2049	1.626386825	6.94170709	2.436166619	0.429597817
2050	1.511277075	7.043656217	2.501669833	0.375455183
2051	1.325474092	7.214986251	2.603986833	0.336760086
2052	1.143790958	7.391498399	2.76474619	0.310071355
2053	1.081213642	7.454558755	2.540255833	0.30134772
2054	1.27368325	7.264349858	2.903063333	0.332550516
2055	1.007979525	7.529943754	2.687884167	0.298638237
2056	0.659309583	7.91523592	2.86753219	0.316139462
2057	0.168054717	8.546144915	2.616866381	0.341304882
2058	1.55757315	7.002286086	2.157640857	0.433455978
2059	1.462656125	7.087654109	2.405161286	0.339104527
2060	1.423029183	7.123942157	2.644749786	0.346395151
2061	0.89834675	7.646185269	2.445258976	0.279136602
2062	1.117244217	7.418101472	2.473740381	0.273540634
2063	0.882930067	7.662872981	2.318101714	0.237877624
2064	0.707106517	7.859600672	2.572966762	0.26340643
2065	0.975812133	7.56361834	2.4870065	0.319203978
2066	0.9949079	7.543585581	2.690833143	0.321203817
2067	0.715167542	7.850312067	3.01026719	0.302061226
2068	1.043619208	7.493038647	2.516011262	0.312756806
2069	0.768341	7.789706627	2.725295762	0.297239677
2070	0.775270883	7.781891965	2.785499381	0.289201086
2071	0.860328175	7.687496076	3.022867	0.297817
2072	0.751411208	7.808878528	2.65038319	0.280431581
2073	0.707207958	7.859483615	2.707067857	0.260230903
2074	0.759407775	7.799808627	2.735256429	0.280289151
2075	0.642242825	7.935337279	2.983918738	0.278785495
2076	0.619120542	7.962772606	2.359747976	0.240381043
2077	0.6436605	7.933662739	2.367831143	0.236652097
2078	0.754585825	7.805274725	2.585504762	0.254994441
2079	0.678766783	7.89247139	2.593511952	0.257340968
2080	0.758015242	7.801386226	2.769000714	0.252782376
2081	0.726505325	7.837293093	2.436462286	0.231551817
2082	0.771039733	7.786661063	2.361738548	0.257589366
2083	0.686264717	7.88374186	2.582669929	0.275491516
2084	0.500838275	8.106864515	2.620206476	0.236641086
2085	0.692884383	7.876054549	2.614272214	0.24901629
2086	0.609638925	7.974090654	2.317999857	0.243302753
2087	0.557054283	8.037588166	2.365242071	0.243199903
2088	0.465353233	8.151351512	2.461050786	0.22381829
2089	0.539822675	8.058668217	2.683180524	0.250471376
2090	0.543206825	8.05451753	2.61249831	0.237286022
2091	0.588606492	7.999339024	2.583566262	0.241831667
2092	0.591981192	7.995274584	2.669307286	0.233311914
2093	0.554903883	8.040211415	2.557710738	0.220862634
2094	0.5557587	8.039168381	2.492655262	0.233421957
2095	0.641794475	7.935867045	2.811419643	0.27582929
2096	0.617764408	7.964388971	2.529176452	0.222714753
2097	0.466658908	8.149704105	2.748745286	0.240202
2098	0.404127325	8.229508621	2.674560952	0.223956032
2099	0.633753342	7.94538321	2.127886786	0.22209871
2100	0.553798058	8.04156122	2.324100524	0.214129505
2101	0.641659667	7.936026351	2.388037667	0.239246677
2102	0.703152042	7.864167217	2.426067357	0.244327065
2103	0.607728275	7.976376173	2.351576833	0.234719269
2104	0.591662283	7.995658454	2.177621524	0.220768914
2105	0.566062175	8.026622416	2.373259024	0.225882108
2106	0.673900325	7.898149934	2.735890357	0.267787022
2107	0.566139933	8.026527917	2.649062452	0.23672128
2108	0.60156355	7.983761451	2.341186857	0.236511333
2109	0.50325135	8.103860731	2.410934762	0.228857323
2110	0.600027925	7.98560374	2.105518381	0.226576323
2111	0.489888992	8.120528352	2.544767548	0.218917258
2112	0.568507333	8.023652162	2.417356548	0.216431516
2113	0.547883175	8.048790597	3.016925071	0.278668355
2114	0.430990817	8.194997558	2.412513429	0.214662247
2115	0.492592042	8.11714994	2.51425919	0.235537914
2116	0.426280692	8.201023829	2.230453714	0.218432892
2117	0.3551079	8.293361016	2.311152548	0.194394903
2118	0.4126486	8.218524432	2.307165119	0.195943409
2119	0.435612567	8.189094588	2.431736024	0.213636151
2120	0.579425758	8.010422011	2.614167238	0.257708978
2121	0.4338411	8.191355935	2.171086619	0.205247753
2122	0.466780708	8.149550468	2.138459643	0.205144699
2123	0.482578075	8.129683094	2.372010667	0.213117667
2124	0.462244825	8.15527672	2.198618976	0.197834237
2125	0.4610977	8.15672643	2.260202786	0.196779634
2126	0.401976983	8.232285913	2.528993095	0.229060065
2127	0.4490059	8.172045626	2.037183881	0.184780742
2128	0.567626675	8.024721629	2.322454048	0.20700014
2129	0.4979947	8.110407677	2.526369548	0.23464371
2130	0.520116858	8.082942385	2.42195569	0.237034591
2131	0.379274233	8.261741109	2.519658048	0.226309882
2132	0.438586225	8.185301942	2.504341452	0.226040538
2133	0.422764767	8.205529066	2.281020524	0.20699557
2134	0.432381658	8.193220088	2.220640048	0.184568086
2135	0.427088142	8.199990006	2.431592952	0.202468419
2136	0.328639267	8.328302895	2.220440905	0.176322527
2137	0.308587708	8.354983568	2.253135452	0.179109602
2138	0.366945833	8.277837884	2.357250405	0.208040452
2139	0.555236092	8.03980602	2.582067667	0.224353312
2140	0.354192475	8.294564125	2.620991	0.209425505
2141	0.573839117	8.01718477	2.5114335	0.238818667
2142	0.415495092	8.214862883	2.36726781	0.210753344
2143	0.376333067	8.265574822	2.311833357	0.204020957
2144	0.541549225	8.056549933	2.719424357	0.242114097
2145	0.437912942	8.18616029	2.36611619	0.205122892
2146	0.323635667	8.334943985	2.513852071	0.212600247
2147	0.546165725	8.050892723	2.544562071	0.230532613
2148	0.333927008	8.321296911	2.034560548	0.184100387
2149	0.564231908	8.028847505	2.074907643	0.223694591
2150	0.341363808	8.31146498	2.1625735	0.195917785
2151	0.442593783	8.18019728	2.300634405	0.207276097
2152	0.435980358	8.188625274	2.321960738	0.202920624
2153	0.507062558	8.099122093	2.447455833	0.222872398
2154	0.253293483	8.429436934	2.319503738	0.22089614
2155	0.719471083	7.845364156	2.092016595	0.230782312
2156	0.463026725	8.15428893	2.307960881	0.212752957
2157	0.387583292	8.250932497	2.3251945	0.200401344
2158	0.512489075	8.092386757	2.499453452	0.222219699
2159	0.364049992	8.281629192	2.397762405	0.185680473
2160	0.461617275	8.156069726	2.287918429	0.223566075
2161	0.581249608	8.008217244	2.493899929	0.241180247
2162	0.4473196	8.174187512	2.555147119	0.240500419
2163	0.460437483	8.157561078	2.171075071	0.215795075
2164	0.453047933	8.166917042	2.216252952	0.197257527
2165	0.587535258	8.000630268	2.728585238	0.26361343
2166	0.42905345	8.197475007	2.335743667	0.215350194
2167	0.400432317	8.234282291	2.568584452	0.228675591
2168	0.478504658	8.134794731	2.415895643	0.214212022
2169	0.477303517	8.136303507	2.289593786	0.216927849
2170	0.389085608	8.248981721	2.293446619	0.207372742
2171	0.367888617	8.276604413	2.347828286	0.207243366
2172	0.276216325	8.398422333	2.006968238	0.172560247
2173	0.4311132	8.194841118	2.287931381	0.201232957
2174	0.461140633	8.156672161	2.45633119	0.221428968
2175	0.375386025	8.266810124	2.250247714	0.219915194
2176	0.52789555	8.073338953	2.086246357	0.224906742
2177	0.341494242	8.311292763	2.180789619	0.204640602
2178	0.365370775	8.279899505	2.383273262	0.209236237
2179	0.376894758	8.264842362	2.345018738	0.200038505
2180	0.364254158	8.281361764	2.223772	0.194132054
2181	0.376370867	8.265525526	2.350168262	0.192952398
2182	0.34077085	8.312247985	2.270566381	0.193356688
2183	0.376210508	8.265734661	2.296950048	0.210546634
2184	0.496268733	8.112560117	2.432914024	0.225845226
2185	0.434787092	8.190148154	2.471236238	0.198043989
2186	0.400100517	8.234711267	2.474692405	0.224819247
2187	0.351144383	8.298572909	2.301188381	0.189989387
2188	0.350136267	8.299899706	2.201440286	0.199344151
2189	0.280183283	8.393075792	2.068154071	0.183958849
2190	0.408097083	8.224387198	2.171460405	0.193302828
2191	0.465183192	8.151566118	2.626181405	0.233605495
2192	0.426790175	8.200371473	2.529328262	0.223553796
2193	0.433840458	8.191356754	2.390778905	0.200459043
2194	0.422905933	8.205348065	2.391120071	0.199950634
2195	0.501283883	8.106309619	2.204658833	0.206549032
2196	0.414711617	8.215870313	2.423681976	0.208179538
2197	0.389172992	8.248868285	2.142197167	0.20435343
2198	0.32991665	8.326609273	2.049400452	0.194776183
2199	0.490115792	8.120244754	2.17881919	0.203800624
2200	0.365790892	8.279349494	2.148584762	0.196972495
