Year	O2debt
1850	3.28372
1851	2.4496
1852	3.52974
1853	3.40977
1854	4.21472
1855	3.25374
1856	3.9938
1857	2.73305
1858	2.16192
1859	2.51862
1860	3.90486
1861	4.75319
1862	3.70872
1863	2.12866
1864	2.40076
1865	4.16161
1866	1.89778
1867	2.69226
1868	3.60409
1869	2.94935
1870	3.47844
1871	4.51847
1872	4.48369
1873	4.29089
1874	2.09131
1875	4.22726
1876	4.77128
1877	5.66512
1878	4.85723
1879	5.15326
1880	4.20983
1881	4.66446
1882	2.56178
1883	4.69371
1884	4.43575
1885	3.97707
1886	4.44356
1887	3.15091
1888	4.54604
1889	4.4511
1890	3.80008
1891	4.26882
1892	4.10705
1893	4.81832
1894	3.52966
1895	4.66612
1896	3.60927
1897	4.54499
1898	3.87007
1899	4.13928
1900	4.53866
1901	4.69855
1902	4.91228
1903	5.04097
1904	4.57412
1905	3.93465
1906	3.04164
1907	4.79771
1908	4.93699
1909	4.75524
1910	4.68574
1911	4.64542
1912	4.65218
1913	3.92959
1914	2.06561
1915	2.11158
1916	4.34513
1917	5.64445
1918	5.00541
1919	4.45332
1920	4.34717
1921	4.73426
1922	4.96959
1923	4.11626
1924	5.5275
1925	3.88836
1926	4.76496
1927	3.96704
1928	5.2259
1929	6.62277
1930	4.5126
1931	5.14949
1932	2.39094
1933	3.13481
1934	3.1521
1935	3.00279
1936	3.2439
1937	3.5358
1938	4.12671
1939	3.96607
1940	6.4307
1941	7.36852
1942	8.3495
1943	6.18815
1944	4.99448
1945	5.6722
1946	5.78236
1947	7.22892
1948	7.71156
1949	4.35318
1950	5.63741
1951	6.91442
1952	6.39053
1953	6.40726
1954	7.08111
1955	5.43169
1956	6.54168
1957	5.75369
1958	6.91778
1959	6.66363
1960	8.08946
1961	7.0565
1962	5.74673
1963	8.76397
1964	7.8529
1965	8.73378
1966	9.25957
1967	8.58074
1968	9.60425
1969	9.95274
1970	9.54946
1971	9.56572
1972	9.69424
1973	5.81507
1974	5.76899
1975	6.34182
1976	4.06926
1977	5.6043
1978	7.23605
1979	9.86707
1980	10.1651
1981	9.52782
1982	11.7049
1983	5.53202
1984	3.61875
1985	9.37114
1986	11.9683
1987	12.9524
1988	10.6037
1989	3.54074
1990	4.58126
1991	5.16449
1992	2.86702
1993	2.8694
1994	5.77214
1995	3.5826
1996	9.39784
1997	9.01835
1998	6.96551
1999	8.45271
2000	4.84769
2001	6.69894
2002	6.47463
2003	9.92842
2004	7.84391
2005	6.7528
2006	7.82761
2007	3.53392
2008	6.75046
2009	6.99109
2010	7.87503
2011	11.0973
2012	9.27956
2013	6.28112
2014	8.25003
2015	11.1594
2016	12.7146
2017	11.6269
2018	6.77573
2019	6.45522
2020	9.44432
2021	9.33188
2022	10.9907
2023	9.09476
2024	9.91801
2025	8.72605
2026	8.08848
2027	7.59216
2028	8.59612
2029	6.49071
2030	8.97489
2031	6.98684
2032	8.84683
2033	9.21334
2034	8.55348
2035	8.8386
2036	6.24365
2037	7.84494
2038	9.38365
2039	7.93364
2040	7.46089
2041	2.05225
2042	5.22676
2043	5.84783
2044	5.88662
2045	6.68709
2046	8.31347
2047	7.65738
2048	7.16016
2049	8.52816
2050	9.16318
2051	9.29183
2052	11.0139
2053	10.2243
2054	8.45325
2055	9.08213
2056	9.82459
2057	8.18427
2058	6.5257
2059	3.92801
2060	2.39331
2061	4.70675
2062	2.72505
2063	5.27053
2064	3.06357
2065	2.30104
2066	2.45828
2067	3.65454
2068	2.30069
2069	4.02416
2070	2.93461
2071	2.56178
2072	2.21437
2073	3.75769
2074	3.3647
2075	2.92184
2076	3.50792
2077	4.11171
2078	6.34383
2079	6.3707
2080	4.5355
2081	4.91459
2082	5.42249
2083	4.85374
2084	6.63778
2085	5.40804
2086	3.61718
2087	5.69713
2088	6.0055
2089	5.75417
2090	6.66609
2091	4.85784
2092	3.65538
2093	3.86178
2094	5.2842
2095	4.15219
2096	5.13228
2097	4.06826
2098	5.78652
2099	7.15241
2100	5.16831
2101	5.78838
2102	3.64434
2103	4.51529
2104	4.45753
2105	4.56199
2106	3.02156
2107	3.91123
2108	1.7171
2109	3.76192
2110	2.58704
2111	5.19309
2112	4.38516
2113	4.37786
2114	6.81426
2115	4.66756
2116	4.5819
2117	6.73885
2118	7.61369
2119	7.0617
2120	2.62873
2121	4.62449
2122	4.9924
2123	5.06171
2124	5.26905
2125	4.40782
2126	6.30922
2127	5.88437
2128	4.68811
2129	3.52337
2130	3.53028
2131	5.29855
2132	5.21645
2133	6.81967
2134	7.48036
2135	7.15728
2136	6.50171
2137	7.23078
2138	8.56303
2139	7.2693
2140	7.01501
2141	6.45428
2142	6.75313
2143	6.74835
2144	6.96866
2145	5.20263
2146	5.34537
2147	2.74297
2148	5.3012
2149	2.86564
2150	5.1603
2151	5.65843
2152	4.55221
2153	5.74352
2154	6.27616
2155	4.14176
2156	7.47678
2157	8.02352
2158	6.59978
2159	6.95304
2160	7.22086
2161	4.66601
2162	3.28022
2163	4.38562
2164	3.01832
2165	2.47656
2166	3.05991
2167	3.55063
2168	3.06309
2169	2.72664
2170	1.82774
2171	2.59106
2172	6.41589
2173	4.31009
2174	2.15638
2175	2.19537
2176	1.61648
2177	4.42249
2178	3.76862
2179	2.71009
2180	3.97105
2181	2.36188
2182	4.82518
2183	4.29119
2184	3.86223
2185	5.28204
2186	3.53217
2187	5.29228
2188	3.87694
2189	4.66133
2190	4.22575
2191	4.57171
2192	5.32603
2193	5.79941
2194	4.74075
2195	2.57208
2196	3.39201
2197	1.97964
2198	2.16107
2199	2.26307
2200	3.76852
