Year	Chla	Secchi	DIN	PO4
1850	0.384060658	8.373510609	2.124231143	0.246677581
1851	0.330270208	8.446499603	2.00888869	0.220218935
1852	0.282899458	8.51198046	1.904428429	0.212606774
1853	0.353576942	8.414692521	1.884258524	0.220064022
1854	0.34053075	8.432462893	1.689520429	0.19372572
1855	0.331908208	8.444255208	1.966067	0.234863505
1856	0.246541692	8.562950934	1.689627048	0.207409516
1857	0.407776658	8.341803554	1.918127881	0.232494978
1858	0.262906117	8.539937136	1.895024762	0.213763441
1859	0.321555967	8.458462537	1.598077929	0.204753688
1860	0.289653058	8.502578593	1.793424619	0.214904194
1861	0.269393425	8.530846086	2.01954869	0.228246312
1862	0.261347392	8.542124248	1.647503214	0.203461441
1863	0.40579665	8.344439577	1.887530833	0.234541613
1864	0.382844408	8.375144519	1.87833369	0.233575602
1865	0.343838483	8.427949186	1.715983333	0.203251892
1866	0.312226658	8.471311782	1.974400357	0.231373613
1867	0.22829765	8.588737473	1.680628524	0.208360634
1868	0.314593533	8.468047807	1.698696024	0.213794419
1869	0.350095375	8.419426312	1.797581405	0.22074972
1870	0.379764817	8.379285064	1.74056581	0.209526108
1871	0.2845556	8.509672917	1.851562929	0.206718022
1872	0.257668192	8.5472909	1.766513476	0.202210817
1873	0.280827633	8.514868988	1.694784143	0.200790194
1874	0.355134558	8.41257668	1.945584238	0.233723968
1875	0.312527658	8.470896542	1.668390762	0.206404065
1876	0.310666067	8.473465384	1.714747095	0.21256228
1877	0.260228208	8.543695278	1.631583595	0.192108022
1878	0.364772333	8.399512549	1.758795286	0.215983398
1879	0.279300408	8.516999514	1.521629452	0.188278645
1880	0.29060605	8.501253641	1.700625167	0.201991011
1881	0.290139325	8.501902479	1.804578619	0.218745172
1882	0.3555153	8.412059676	1.72681819	0.22301643
1883	0.297130458	8.492194338	1.812357786	0.210726892
1884	0.304440908	8.482067936	1.936814714	0.221242108
1885	0.337737808	8.436278442	1.874786143	0.230956871
1886	0.415848067	8.331078944	1.821286024	0.231344151
1887	0.340029608	8.433147231	1.909526548	0.220795237
1888	0.279279058	8.517029306	1.77997769	0.219419344
1889	0.3741626	8.386829868	1.888218476	0.235587
1890	0.37587375	8.384523652	1.968276905	0.230758054
1891	0.331898	8.444269191	1.991939952	0.230203656
1892	0.36113	8.404444174	1.916502595	0.231625785
1893	0.295389558	8.494609628	1.881509476	0.221087892
1894	0.360188267	8.405720366	2.059080976	0.240598591
1895	0.307919558	8.477258448	1.846308095	0.22386257
1896	0.29366715	8.497000694	1.761122762	0.216478796
1897	0.283787175	8.510743423	1.6708395	0.202161032
1898	0.343363533	8.428596957	1.809089786	0.218112312
1899	0.2991891	8.489340102	1.817962643	0.217070624
1900	0.328510933	8.448911674	1.75351519	0.219705968
1901	0.273021467	8.52577013	1.667879143	0.207361892
1902	0.2784068	8.518246627	1.774370571	0.216224204
1903	0.386106992	8.37076329	1.446527048	0.203498935
1904	0.3501246	8.41938655	1.751691214	0.229211871
1905	0.452035733	8.283409853	2.019365405	0.239704903
1906	0.470661742	8.259137067	1.951962643	0.237713602
1907	0.397751375	8.355171297	1.882757738	0.218312312
1908	0.377500083	8.38233315	1.772798905	0.202220581
1909	0.33133205	8.445044509	2.058727048	0.242553022
1910	0.292615983	8.498460631	1.857962	0.220378151
1911	0.36188285	8.403424276	1.958593786	0.231166215
1912	0.342783117	8.429388727	2.038350071	0.24347128
1913	0.428604925	8.314197469	1.779672381	0.233651409
1914	0.367775217	8.395451855	2.235652	0.255871301
1915	0.386337058	8.370454548	1.914973024	0.24896672
1916	0.454860233	8.279717613	1.721001405	0.232734118
1917	0.403181217	8.347924667	1.839614619	0.237086043
1918	0.402271042	8.349138315	1.997151643	0.250838602
1919	0.317113067	8.464576356	1.648311214	0.214749785
1920	0.384886833	8.372401161	1.799927738	0.238650108
1921	0.384109425	8.373445111	1.754601952	0.220761667
1922	0.456890175	8.277066565	1.887956476	0.252843667
1923	0.4282782	8.314628782	2.162353738	0.272044968
1924	0.364811125	8.399460063	2.235963548	0.266319538
1925	0.303690975	8.483105547	2.100501452	0.237194204
1926	0.428531133	8.314294877	2.159431548	0.255016581
1927	0.310183242	8.474131921	2.186558071	0.250360366
1928	0.352466392	8.416201832	1.891587762	0.227234204
1929	0.389552917	8.366141836	2.060249833	0.24610771
1930	0.434047425	8.307020879	2.179462667	0.260681968
1931	0.494664683	8.22811844	2.444835143	0.278906602
1932	0.409169833	8.339950011	2.566288786	0.289110183
1933	0.469613258	8.260498696	2.386261476	0.265837355
1934	0.398527967	8.354133927	2.410879619	0.258820645
1935	0.553930708	8.152770971	2.545521214	0.284384194
1936	0.373192808	8.388137584	2.416234143	0.263044731
1937	0.3964443	8.356917991	2.271405976	0.265107355
1938	0.429253883	8.313340936	2.295046548	0.257193871
1939	0.472961767	8.256152072	2.453612929	0.283516226
1940	0.312020917	8.471595635	2.42301819	0.272660376
1941	0.442829042	8.295473505	2.352812548	0.28319443
1942	0.386613442	8.370083686	2.202953619	0.276026753
1943	0.672526167	8.007102959	2.26026331	0.292505516
1944	0.550117225	8.157566749	2.360147143	0.288926699
1945	0.497211808	8.22484399	2.463787571	0.30063457
1946	0.47451985	8.25413151	2.601392	0.301259387
1947	0.473126617	8.255938232	2.185291667	0.266055957
1948	0.583851917	8.115388754	2.361107738	0.295093785
1949	0.676013625	8.002918541	2.432929595	0.324562613
1950	0.540913217	8.169171044	2.400060548	0.290686591
1951	0.34785205	8.42247978	2.63690531	0.287512473
1952	0.664425008	8.016844424	2.635254024	0.326148204
1953	0.33353565	8.442026618	2.547141929	0.27309071
1954	0.551429783	8.15591529	2.434676667	0.305837473
1955	0.451771833	8.283755037	2.59307619	0.329638516
1956	0.382628983	8.375434001	2.680425595	0.309615591
1957	0.495242883	8.227374848	3.066398738	0.336701484
1958	0.361008958	8.404608178	2.550975	0.296548366
1959	0.388012217	8.368207364	3.073309452	0.309178527
1960	0.45459995	8.280057688	2.84225619	0.328593065
1961	0.500280025	8.220904004	3.162266619	0.32034514
1962	0.684122192	7.993210741	3.318619071	0.367846796
1963	0.371480492	8.390447741	3.350063571	0.341522796
1964	0.466502167	8.264542271	3.562154214	0.344693269
1965	0.556607508	8.14940893	3.015383667	0.332080538
1966	0.396455325	8.356903254	3.409579357	0.330074656
1967	0.378800975	8.380581966	3.166674786	0.329776602
1968	0.404588333	8.34604923	3.651429738	0.360091301
1969	0.247933233	8.56098956	3.270825833	0.306978075
1970	0.422645242	8.32207359	3.431744119	0.37375857
1971	0.543832217	8.165486284	3.944674429	0.428044935
1972	0.685853233	7.991142126	4.059359071	0.457724011
1973	0.61328785	8.079033526	3.697248595	0.413905559
1974	0.678175225	8.000327714	3.785519238	0.44423472
1975	0.407522325	8.34214204	4.005573833	0.422330935
1976	1.065087975	7.567574104	4.071443119	0.483681366
1977	0.695593325	7.979527648	4.203638905	0.484569387
1978	0.75407325	7.910673119	3.634462333	0.446363011
1979	0.521326867	8.194004844	3.600726095	0.43600529
1980	0.524502242	8.189965783	3.826250143	0.442542129
1981	0.759237325	7.904664062	4.285435976	0.496090065
1982	0.609467833	8.083728203	4.678715476	0.478639129
1983	1.3077463	7.323121821	4.702991857	0.569428323
1984	0.944800967	7.69594144	5.015221381	0.613327398
1985	0.869300483	7.779221503	3.941224167	0.516611
1986	1.0468542	7.586706644	3.99540581	0.574697484
1987	1.395204242	7.239290125	4.127949452	0.644804871
1988	1.205201025	7.424203916	4.172079714	0.610067699
1989	1.653346625	7.003415382	3.600952119	0.637997151
1990	1.963541417	6.739916768	3.927085762	0.632623344
1991	1.480427025	7.159580122	2.695571643	0.583610043
1992	2.695968742	6.185562744	3.180816643	0.695846441
1993	2.2512091	6.512007823	3.61066319	0.686240172
1994	1.32196295	7.309349568	3.329619857	0.549358935
1995	1.819763983	6.859570864	4.0661775	0.660838978
1996	1.082239142	7.549680341	4.139160429	0.569780086
1997	1.527103725	7.116711649	4.145478667	0.623760172
1998	2.088886217	6.638818081	4.216357857	0.65703314
1999	1.688009283	6.972954941	4.290362214	0.609922828
2000	2.3797459	6.41465373	4.210266595	0.670549441
2001	1.379117483	7.254551975	3.340711214	0.523876753
2002	1.395074508	7.239412926	3.763502167	0.605621581
2003	1.996717567	6.712876139	3.930227333	0.660627892
2004	1.99643675	6.713104156	3.638043262	0.706137065
2005	2.630624033	6.231760365	3.666488071	0.774069903
2006	2.152061567	6.5889307	3.359447738	0.700489699
2007	1.864481792	6.821915617	4.70754519	0.750555204
2008	0.788197142	7.871174718	3.443975976	0.660333258
2009	2.300377217	6.474459656	2.289641333	0.680811495
2010	2.196186475	6.554493841	3.120347929	0.676975978
2011	1.80501825	6.872077552	2.83641631	0.62647986
2012	2.565579567	6.27831933	3.201378238	0.680131774
2013	2.549756008	6.289734391	2.351576643	0.620445108
2014	1.9853456	6.722121703	2.484226214	0.587967699
2015	1.692975083	6.968613225	2.427218595	0.560587559
2016	2.074573608	6.650217678	1.969064095	0.515573699
2017	2.227648383	6.530139226	3.056982429	0.675573
2018	2.067085417	6.656196375	2.9502095	0.708851516
2019	2.353539417	6.434292731	2.950609714	0.720293065
2020	1.740903442	6.926987677	2.889561762	0.62435972
2021	1.709236433	6.954433823	3.277308857	0.624463871
2022	2.162152008	6.581026568	3.245843	0.646931731
2023	1.886689233	6.80336543	2.638043643	0.614508828
2024	2.096042667	6.633131799	3.26889919	0.634384677
2025	1.858135067	6.827235268	3.674594429	0.768186237
2026	2.34950205	6.437327711	3.070280857	0.69906743
2027	2.171550792	6.573679843	2.17166281	0.620900344
2028	1.6812761	6.978850706	2.437745238	0.521761344
2029	1.345379817	7.286788844	2.769240905	0.535860968
2030	0.505899392	8.213700327	2.662297833	0.556602591
2031	2.039419433	6.678372885	2.790516548	0.649080957
2032	1.750205625	6.918966708	3.250433476	0.590910892
2033	1.385639675	7.248355802	2.881693952	0.453010688
2034	1.350484392	7.28189121	2.897232214	0.454259806
2035	1.291519367	7.338911977	3.458111357	0.50328828
2036	0.124394142	8.737144062	3.382177405	0.542015011
2037	1.601733933	7.04927985	2.41450319	0.604413022
2038	1.567040183	7.080460536	2.421959357	0.534287419
2039	1.642727333	7.012801767	3.034454643	0.539492086
2040	1.493309533	7.147694063	3.156522738	0.557980344
2041	1.743768542	6.924515208	2.8590475	0.554151785
2042	1.354422358	7.278117823	3.549185167	0.569440419
2043	1.189481533	7.439978073	3.387626381	0.516782742
2044	1.188978175	7.440484441	3.06881169	0.484977258
2045	1.122424275	7.508138501	2.585789571	0.431140462
2046	0.888726767	7.757585093	3.634078143	0.459511957
2047	1.290609367	7.339799723	3.2920465	0.481586828
2048	0.272102075	8.527055878	3.300558619	0.521334806
2049	1.336322283	7.29549702	2.432249667	0.578524925
2050	1.2954214	7.335108074	2.265703452	0.483351978
2051	1.329977658	7.301610581	2.692510571	0.489065957
2052	1.233701	7.395797208	3.045111881	0.478039989
2053	1.073058292	7.559246379	2.863683714	0.457006366
2054	1.259107267	7.370679765	3.271674595	0.470016806
2055	1.051762308	7.581545448	2.808983929	0.426866118
2056	0.555977683	8.15019967	3.331971238	0.455314538
2057	0.152209517	8.697344909	2.802106143	0.480331613
2058	1.341751075	7.290274876	2.174742262	0.532717
2059	0.8756825	7.772097198	2.684955952	0.503977667
2060	1.13064735	7.499702964	3.091123071	0.507051441
2061	0.892223383	7.753706206	3.222210619	0.432035763
2062	0.986453242	7.650908569	2.714258452	0.387592387
2063	0.854666692	7.795617729	3.183466881	0.406437753
2064	0.543593283	8.16578774	3.178213571	0.409053613
2065	0.868762125	7.779823207	2.771133429	0.443283849
2066	1.071554167	7.560816312	3.055701714	0.445461656
2067	0.438228933	8.301517449	3.42698769	0.409373957
2068	1.160588333	7.469171939	2.84683931	0.444800032
2069	0.84178325	7.810123006	3.132841238	0.403898344
2070	0.817197675	7.837988374	3.106321714	0.409249452
2071	0.87669155	7.770972242	3.43401669	0.443630624
2072	0.755311083	7.909231706	3.038682952	0.399826355
2073	0.715612392	7.955788639	3.074589214	0.374925301
2074	0.742232692	7.924494199	3.128696357	0.38636657
2075	0.564304533	8.139761052	3.452346905	0.392016161
2076	0.594183042	8.102582044	2.523884119	0.344632366
2077	0.5948075	8.101809591	2.273954929	0.31268328
2078	0.65402225	8.029397432	2.980294929	0.370199086
2079	0.744678492	7.921634365	3.046022262	0.382356516
2080	0.716660525	7.954550617	3.390780738	0.374737237
2081	0.5053489	8.21440532	2.802934714	0.362391376
2082	0.706687333	7.966350235	2.586955238	0.379800699
2083	0.753619767	7.911201348	3.09870031	0.40438528
2084	0.421947167	8.322997345	3.14203981	0.352638151
2085	0.706732892	7.966296234	3.104854167	0.368265677
2086	0.609473608	8.0837211	2.547650619	0.342441903
2087	0.620621225	8.070040351	2.543981048	0.335473527
2088	0.536465008	8.174794278	2.685234452	0.317510151
2089	0.460387375	8.27250428	3.18819269	0.380290183
2090	0.66906035	8.011266875	3.039931762	0.361927538
2091	0.669394658	8.010864991	2.841605405	0.359810043
2092	0.6423984	8.043482765	2.988722167	0.339890151
2093	0.541337825	8.168634784	3.066960643	0.340247849
2094	0.640713208	8.045529998	3.035816714	0.360410581
2095	0.719294042	7.951442119	3.288606667	0.401967323
2096	0.62792275	8.061111352	3.03901469	0.339217989
2097	0.491845317	8.231746697	3.415460429	0.372698344
2098	0.467710717	8.262970896	2.965193571	0.328470194
2099	0.634919775	8.052578128	2.443827452	0.333484989
2100	0.588838833	8.109200457	2.674423905	0.332280355
2101	0.616643825	8.074914831	2.557331167	0.349492108
2102	0.451609317	8.283967629	2.676038857	0.364308871
2103	0.641403525	8.044691217	2.311968143	0.328572183
2104	0.667562817	8.013067736	2.54399969	0.337285108
2105	0.628215933	8.060753342	2.490439738	0.323426409
2106	0.6620635	8.019689712	3.211186429	0.369805796
2107	0.581324917	8.118529094	3.206873643	0.344357054
2108	0.609503533	8.083684297	2.883845286	0.364845548
2109	0.486085833	8.239171125	2.520958429	0.311190022
2110	0.696833492	7.978051867	2.33579581	0.322240989
2111	0.459319875	8.273896226	2.885318738	0.30590757
2112	0.502729908	8.21776145	3.020277071	0.33710372
2113	0.684467817	7.992797608	3.346578429	0.363762785
2114	0.392468183	8.362236865	3.012374905	0.325324065
2115	0.488521075	8.236029853	2.905623643	0.338586656
2116	0.48577235	8.239575712	2.488172548	0.304704613
2117	0.604958608	8.08927879	2.608406238	0.28815443
2118	0.426597092	8.316848904	2.681132333	0.30320614
2119	0.470914383	8.258809054	2.916309952	0.328494323
2120	0.5627958	8.141649903	3.048129619	0.384933172
2121	0.465998925	8.265196814	2.24628831	0.299229839
2122	0.506127767	8.213407901	2.341190048	0.294585828
2123	0.495591308	8.226926839	2.698313	0.316244763
2124	0.448683025	8.287797901	2.531240738	0.305015258
2125	0.429773692	8.312655019	2.624733762	0.30813157
2126	0.427812292	8.315243928	2.935366595	0.328343774
2127	0.471426725	8.258143964	2.240466167	0.278312688
2128	0.640206175	8.046146218	2.687732786	0.316109086
2129	0.477102267	8.250785295	2.995008833	0.364096839
2130	0.520571158	8.194966843	2.689266976	0.337510645
2131	0.417890375	8.328370643	2.813214024	0.309051473
2132	0.5143369	8.202913801	2.83345631	0.319174183
2133	0.4718483	8.257596803	2.552969429	0.294099172
2134	0.491905808	8.231668807	2.319772024	0.274588946
2135	0.443980075	8.293962903	2.837325738	0.313464108
2136	0.386052042	8.370837035	2.347507143	0.264170796
2137	0.373730992	8.387411811	2.465455452	0.270501527
2138	0.439012058	8.300487753	2.547529	0.308054656
2139	0.602717908	8.092040549	3.186592952	0.363855538
2140	0.274774617	8.523319459	3.042335143	0.327500032
2141	0.6433574	8.042318325	3.004839667	0.362663763
2142	0.375449375	8.385095466	2.710730643	0.311067237
2143	0.4203759	8.325077507	2.597099881	0.305869484
2144	0.564710942	8.139252442	3.184008857	0.361924247
2145	0.496344567	8.225958502	3.042957762	0.339636301
2146	0.431484317	8.310398739	2.897876333	0.322281581
2147	0.546003033	8.162748709	2.913650333	0.341670914
2148	0.325529458	8.453003	2.291506881	0.271405925
2149	0.61666815	8.074884997	2.689525595	0.35307986
2150	0.265021108	8.536971216	2.303321333	0.277920613
2151	0.534678783	8.177055103	2.676718024	0.325531473
2152	0.47809895	8.249494733	2.728211548	0.317470645
2153	0.4458286	8.29153835	2.930937286	0.33544057
2154	0.146776117	8.705129241	2.735201952	0.340165946
2155	0.636856967	8.050219658	2.045304214	0.316392946
2156	0.541749833	8.168114522	2.546459667	0.31753057
2157	0.432533208	8.309016019	2.73345881	0.306579677
2158	0.529190667	8.184011318	2.843776738	0.335963903
2159	0.500160792	8.221057027	2.674453714	0.282269505
2160	0.710959025	7.961290884	2.778517143	0.327544237
2161	0.649076925	8.03538237	2.693630714	0.329552849
2162	0.422174142	8.322696964	2.720345071	0.332338237
2163	0.470061492	8.259916522	2.432545024	0.301167968
2164	0.483757283	8.242177589	2.494135048	0.299801473
2165	0.600430658	8.094862146	3.149311786	0.364341022
2166	0.407016983	8.342814684	2.511855643	0.291404731
2167	0.503390242	8.216914934	2.939017929	0.333921935
2168	0.482569092	8.243712762	2.704754643	0.314316366
2169	0.547126417	8.161332944	2.63524731	0.320069634
2170	0.523550008	8.191176491	2.783710619	0.322428161
2171	0.296467033	8.493114589	2.532751881	0.292153172
2172	0.36559845	8.398394958	1.966345714	0.237877269
2173	0.4993751	8.22206555	2.533048143	0.297408882
2174	0.493446508	8.229685621	3.017088405	0.345469022
2175	0.309040783	8.475709533	2.652997405	0.321992516
2176	0.577006325	8.123903004	2.143701929	0.293942871
2177	0.443290167	8.294868248	2.47931519	0.294893946
2178	0.4624312	8.269840905	2.747508119	0.302862022
2179	0.3990126	8.353486713	2.571335524	0.294868032
2180	0.397980742	8.354864877	2.528826571	0.284082527
2181	0.466032583	8.265153032	2.788652524	0.300566161
2182	0.5013477	8.219534087	2.498549714	0.281865796
2183	0.448800858	8.287643581	2.500108571	0.302473871
2184	0.61016165	8.082875012	2.633450405	0.314030032
2185	0.529694142	8.183372538	3.009864071	0.313096441
2186	0.3571925	8.409783111	2.955724524	0.317971538
2187	0.4249686	8.319000932	2.646511476	0.275741634
2188	0.452539792	8.282750637	2.523411619	0.302731839
2189	0.324439558	8.454499727	2.164763643	0.257806667
2190	0.382015783	8.376258133	2.442586667	0.289527591
2191	0.529571233	8.183528465	3.068688452	0.342479516
2192	0.465040042	8.266444348	2.795086905	0.308988925
2193	0.491729992	8.231895195	2.774220333	0.302292946
2194	0.42198205	8.322951178	2.890613024	0.313311376
2195	0.478770658	8.248625252	2.488270643	0.307051957
2196	0.479476492	8.247711847	2.680601071	0.306466398
2197	0.386325217	8.370470438	2.276033714	0.285136151
2198	0.411161275	8.337302252	2.198421381	0.271946097
2199	0.465620867	8.265688622	2.493665048	0.297132634
2200	0.410249642	8.338514076	2.414295452	0.283458634
