Year	O2debt
1850	5.24918
1851	5.32102
1852	5.20627
1853	5.27101
1854	5.44043
1855	5.29033
1856	5.33812
1857	5.29596
1858	5.53965
1859	5.22068
1860	5.08566
1861	5.34711
1862	5.43066
1863	5.18843
1864	4.9724
1865	4.97452
1866	4.98001
1867	4.99142
1868	4.92637
1869	5.09567
1870	5.08736
1871	5.38524
1872	5.49875
1873	5.6921
1874	5.47658
1875	5.44687
1876	5.59726
1877	5.45052
1878	5.36794
1879	5.56908
1880	5.6731
1881	5.77465
1882	5.66736
1883	5.67619
1884	5.54782
1885	5.80174
1886	5.64842
1887	5.67033
1888	5.60238
1889	5.4699
1890	5.46737
1891	5.52553
1892	5.43444
1893	5.38804
1894	5.2879
1895	5.35342
1896	5.33179
1897	5.46388
1898	5.52887
1899	5.3251
1900	5.45141
1901	5.67037
1902	5.6519
1903	5.46301
1904	5.55741
1905	5.4641
1906	5.3182
1907	5.50045
1908	5.40539
1909	5.42168
1910	5.51742
1911	5.64616
1912	5.83708
1913	5.7341
1914	5.65891
1915	5.90028
1916	5.7203
1917	5.69759
1918	5.6294
1919	5.87035
1920	5.96808
1921	5.96019
1922	5.73611
1923	5.61917
1924	5.78133
1925	5.94926
1926	5.97912
1927	6.07977
1928	6.17391
1929	6.22766
1930	6.14562
1931	5.99422
1932	5.97741
1933	6.11491
1934	6.0792
1935	6.04091
1936	6.05552
1937	6.19359
1938	6.32859
1939	6.35769
1940	6.71969
1941	6.73822
1942	6.88403
1943	6.95755
1944	6.98975
1945	6.86508
1946	6.93053
1947	7.04041
1948	7.09403
1949	6.96031
1950	7.19254
1951	7.20404
1952	7.32024
1953	7.29212
1954	7.3223
1955	7.31238
1956	7.66133
1957	7.59327
1958	7.56327
1959	7.74658
1960	7.98686
1961	8.04824
1962	7.91159
1963	8.1716
1964	8.36969
1965	8.57114
1966	8.61898
1967	8.71996
1968	8.71958
1969	9.16584
1970	9.11254
1971	9.08983
1972	9.3032
1973	9.18409
1974	9.07031
1975	9.41069
1976	9.60683
1977	9.33172
1978	9.09427
1979	9.44026
1980	9.90949
1981	10.0121
1982	10.5717
1983	11.4406
1984	11.7142
1985	11.5997
1986	11.5621
1987	11.5997
1988	11.5765
1989	11.681
1990	11.6697
1991	11.9667
1992	11.0556
1993	10.0265
1994	9.93924
1995	9.6583
1996	10.1652
1997	10.2341
1998	10.2136
1999	10.6204
2000	10.7958
2001	11.6742
2002	12.3835
2003	12.494
2004	11.5304
2005	11.3289
2006	11.8672
2007	12.2471
2008	12.0455
2009	12.0729
2010	12.4128
2011	12.6776
2012	12.6872
2013	12.4378
2014	12.5234
2015	12.8008
2016	12.7203
2017	12.9635
2018	13.1943
2019	13.443
2020	13.4984
2021	13.3443
2022	12.7292
2023	12.3557
2024	11.897
2025	11.89
2026	11.3875
2027	10.699
2028	10.6346
2029	10.092
2030	9.98779
2031	9.73704
2032	9.83187
2033	10.0029
2034	10.1149
2035	9.99905
2036	9.92025
2037	10.1743
2038	10.1362
2039	10.189
2040	10.2827
2041	9.11401
2042	8.60524
2043	8.55938
2044	8.69075
2045	9.13229
2046	9.77144
2047	10.1244
2048	9.9129
2049	9.37874
2050	9.24556
2051	9.21697
2052	8.99959
2053	8.97921
2054	9.10951
2055	9.32584
2056	9.36423
2057	9.15094
2058	8.59638
2059	8.3283
2060	8.32127
2061	8.62519
2062	8.46197
2063	8.435
2064	8.56479
2065	8.13742
2066	8.13189
2067	8.14597
2068	8.19576
2069	8.47043
2070	7.86924
2071	7.65843
2072	7.53449
2073	7.64369
2074	7.74328
2075	7.75923
2076	7.79842
2077	7.98021
2078	8.02308
2079	8.15568
2080	7.78327
2081	7.65448
2082	7.89484
2083	7.95421
2084	8.03547
2085	8.13503
2086	8.03283
2087	7.92579
2088	8.11752
2089	8.06054
2090	7.9139
2091	7.87763
2092	8.24498
2093	8.34426
2094	8.09707
2095	7.82179
2096	7.88543
2097	7.92259
2098	8.17383
2099	8.28924
2100	7.97455
2101	7.72243
2102	7.66257
2103	7.6328
2104	7.77617
2105	7.91285
2106	7.49865
2107	7.35056
2108	7.147
2109	7.39633
2110	7.06479
2111	7.26356
2112	7.32834
2113	6.97332
2114	7.22891
2115	7.46463
2116	7.77242
2117	7.95996
2118	7.84569
2119	7.93534
2120	7.92138
2121	7.83522
2122	7.46937
2123	7.63651
2124	7.45389
2125	7.50182
2126	7.75788
2127	7.64459
2128	7.58813
2129	7.39517
2130	7.54675
2131	7.9356
2132	7.85597
2133	7.99642
2134	8.16599
2135	7.86591
2136	7.6494
2137	7.7351
2138	7.85577
2139	7.60997
2140	7.64385
2141	7.56214
2142	7.66069
2143	7.94642
2144	7.58336
2145	7.47998
2146	7.59567
2147	7.48712
2148	7.68444
2149	7.66323
2150	7.81074
2151	7.77601
2152	7.88495
2153	7.87241
2154	7.45362
2155	7.60434
2156	8.00163
2157	7.94145
2158	7.69721
2159	7.63463
2160	7.5861
2161	7.26647
2162	7.38863
2163	7.42034
2164	7.16722
2165	7.23389
2166	7.35754
2167	7.18728
2168	7.24866
2169	7.28676
2170	7.26345
2171	7.39066
2172	7.58854
2173	7.14809
2174	6.87949
2175	6.94568
2176	6.3925
2177	6.57108
2178	6.7656
2179	6.96297
2180	7.2294
2181	7.35725
2182	7.53243
2183	7.41853
2184	7.32649
2185	7.19333
2186	7.23288
2187	7.61578
2188	7.34113
2189	7.39229
2190	7.41693
2191	7.32051
2192	7.15428
2193	7.19455
2194	7.12623
2195	6.9963
2196	7.13982
2197	7.12804
2198	7.2211
2199	7.13223
2200	7.1976
