Year	Chla	Secchi	DIN	PO4
1850	0.363933558	8.281781711	1.765424714	0.185777339
1851	0.290098317	8.37974062	1.658700405	0.165026634
1852	0.285388192	8.386070443	1.473477286	0.152663624
1853	0.3093699	8.353939461	1.463443762	0.165315376
1854	0.325066233	8.333044103	1.29527069	0.140873172
1855	0.362253325	8.283983396	1.443859643	0.170451806
1856	0.309686183	8.353517347	1.362352143	0.154530323
1857	0.361207875	8.285353959	1.508814	0.169349731
1858	0.28660275	8.38443735	1.385162595	0.14757043
1859	0.329365925	8.327339363	1.273868381	0.151695151
1860	0.387939533	8.250469817	1.363321238	0.152832817
1861	0.290986967	8.378547418	1.498768357	0.154742634
1862	0.310425325	8.352531052	1.278826976	0.146589935
1863	0.447933325	8.173407822	1.460826048	0.167848667
1864	0.371467542	8.27192578	1.341304071	0.152907871
1865	0.301629475	8.364283416	1.361632905	0.146789957
1866	0.353314908	8.295717842	1.460781333	0.159540226
1867	0.284172875	8.387705162	1.462541881	0.162348656
1868	0.337389033	8.316716761	1.389277357	0.166777935
1869	0.33429515	8.320809613	1.427969833	0.166041452
1870	0.340949117	8.312012566	1.448221214	0.156096774
1871	0.265556958	8.412819528	1.430771619	0.151730505
1872	0.245020592	8.440677769	1.370107286	0.145150785
1873	0.319102292	8.340970616	1.336703714	0.145799505
1874	0.339337367	8.314141572	1.433603595	0.156291226
1875	0.311386367	8.351249015	1.334688095	0.150164699
1876	0.309666117	8.353544127	1.46538469	0.167621914
1877	0.242994675	8.443434116	1.290739643	0.139045516
1878	0.348955658	8.301454117	1.3735745	0.148237129
1879	0.271291883	8.405068063	1.205821119	0.134297118
1880	0.302226808	8.363484247	1.331495786	0.142133806
1881	0.299577892	8.367029383	1.415136143	0.160216602
1882	0.386014183	8.25297114	1.343082762	0.154995419
1883	0.300206433	8.366187913	1.499659429	0.152436075
1884	0.292269892	8.376825398	1.545054667	0.158258344
1885	0.324514167	8.333777173	1.44665181	0.171177645
1886	0.366356783	8.278608766	1.457070238	0.17390914
1887	0.371781842	8.27151519	1.519284595	0.160269871
1888	0.280655433	8.392439865	1.45945231	0.162855441
1889	0.377187533	8.264460635	1.560742405	0.177936882
1890	0.375375642	8.26682367	1.467905905	0.16006429
1891	0.352082092	8.297339199	1.538913048	0.166764151
1892	0.327159583	8.330265654	1.436704571	0.160616849
1893	0.307858892	8.355956667	1.42332619	0.15635428
1894	0.357102783	8.290740558	1.705566548	0.178644656
1895	0.336380158	8.318050909	1.454333952	0.168064796
1896	0.359490892	8.28760599	1.552315167	0.174313957
1897	0.311795575	8.350703251	1.392405619	0.145886871
1898	0.383912025	8.255704158	1.437799452	0.158789226
1899	0.310928742	8.35185944	1.428361548	0.152295613
1900	0.343474542	8.308679046	1.371103762	0.164232258
1901	0.30813475	8.35558832	1.346381738	0.157006011
1902	0.336578492	8.317788594	1.398339214	0.167308333
1903	0.453104342	8.166845525	1.141829143	0.152500796
1904	0.366855242	8.27795643	1.327195548	0.157980118
1905	0.429505533	8.196896737	1.535564167	0.172952172
1906	0.454249483	8.165393992	1.415742548	0.169289591
1907	0.419560283	8.209640337	1.505429238	0.163057355
1908	0.314397767	8.347234405	1.334460167	0.146946312
1909	0.41583605	8.214424553	1.43780931	0.167602473
1910	0.378961567	8.262148466	1.402081595	0.157991065
1911	0.4274998	8.199463057	1.483089024	0.170931398
1912	0.392091817	8.245081318	1.440443762	0.166874624
1913	0.46523015	8.151506852	1.347033095	0.172483419
1914	0.403155783	8.230763153	1.74866169	0.194083333
1915	0.408591108	8.223750374	1.441688214	0.181442398
1916	0.423717992	8.204307043	1.335175	0.179139903
1917	0.432391342	8.193207716	1.438335143	0.175021075
1918	0.428588825	8.198069421	1.621638714	0.194237871
1919	0.418636225	8.210826785	1.339090857	0.161366968
1920	0.504860942	8.10185863	1.430185548	0.176389925
1921	0.519558492	8.083632813	1.397580881	0.166023194
1922	0.49519155	8.11390417	1.587166548	0.191568043
1923	0.501832333	8.105626787	1.620609333	0.202033602
1924	0.484511242	8.127259938	1.821927571	0.198732387
1925	0.420256667	8.20874648	1.733736357	0.178939946
1926	0.468521783	8.147355056	1.643389976	0.191883355
1927	0.51044105	8.094927133	1.699388595	0.190925301
1928	0.4301262	8.196102985	1.581864905	0.177235452
1929	0.460817933	8.157080087	1.615575786	0.174298656
1930	0.520430808	8.082554246	1.827697071	0.189996613
1931	0.563056375	8.030277424	1.920925762	0.211889366
1932	0.483936483	8.127980194	1.966638881	0.215600161
1933	0.511971017	8.093029174	1.816653857	0.199858753
1934	0.54382755	8.053756777	1.793439405	0.189764215
1935	0.589772458	7.997934174	2.004006095	0.207460731
1936	0.49502145	8.114116462	1.957840524	0.194104043
1937	0.546029458	8.051059568	1.767590429	0.197608441
1938	0.529019167	8.07195407	1.778684	0.192941075
1939	0.570157758	8.021648841	1.927862929	0.206183043
1940	0.401040908	8.233495592	1.850672881	0.203964366
1941	0.497698425	8.11077706	1.803357048	0.207629817
1942	0.486261708	8.125067305	1.66191981	0.205715204
1943	0.711180633	7.854902761	1.865955167	0.214901376
1944	0.60919635	7.974619918	1.802018429	0.201416473
1945	0.630091058	7.94972662	2.017328833	0.214397323
1946	0.625104317	7.955650243	1.98682931	0.220870054
1947	0.561084067	8.032677952	1.749808143	0.199572387
1948	0.66791165	7.905151775	1.763574833	0.204451634
1949	0.768588042	7.789427717	1.874960833	0.225840753
1950	0.638549508	7.939703871	2.121417548	0.227231344
1951	0.458244442	8.160335009	2.051687524	0.208358473
1952	0.650504808	7.925590565	2.079299071	0.235668376
1953	0.431695833	8.194096445	2.146419905	0.205236892
1954	0.61615295	7.966310708	1.909703952	0.214416613
1955	0.563057075	8.030276573	2.123568262	0.238875215
1956	0.46192055	8.155686468	2.441958643	0.254735903
1957	0.495075875	8.114048536	2.702795714	0.254228366
1958	0.473310542	8.14132404	2.358112095	0.233201183
1959	0.564489158	8.028534669	2.531947143	0.220985989
1960	0.583595717	8.005383342	2.146406381	0.220025602
1961	0.589069717	7.99878082	2.791893119	0.244422484
1962	0.596154883	7.990254891	2.785904333	0.257076796
1963	0.445142775	8.176954441	2.683207381	0.240511366
1964	0.509421908	8.096192007	2.736645381	0.247810323
1965	0.603729758	7.981164433	2.891032619	0.256485785
1966	0.42618135	8.201151043	3.030848714	0.245732957
1967	0.423899817	8.204073994	3.252583976	0.250651075
1968	0.490268683	8.120053587	3.833694762	0.285826882
1969	0.347988258	8.302728292	3.247588095	0.248996376
1970	0.528222683	8.072935694	3.205425976	0.290007419
1971	0.672286825	7.900034905	3.716680571	0.313358505
1972	0.83630435	7.713877048	3.589512595	0.33769272
1973	0.728017675	7.83556048	3.34415881	0.305196935
1974	0.841803142	7.707819556	3.487784238	0.334019634
1975	0.607154333	7.977063038	4.405755619	0.350885151
1976	0.957123008	7.583345541	3.774354143	0.355663151
1977	0.911834583	7.631656137	3.60181769	0.346239409
1978	0.892903317	7.652067595	3.226201071	0.326993495
1979	0.711831283	7.854153126	3.454593905	0.335458065
1980	1.108242975	7.427171205	3.846442619	0.344943441
1981	1.082941942	7.452800645	4.096703786	0.38381457
1982	0.727237292	7.836454404	4.762837333	0.382550839
1983	1.449013708	7.100102976	3.882150214	0.414522032
1984	1.548958542	7.009946083	4.182419881	0.470118312
1985	1.236671275	7.3000831	2.981313952	0.354441075
1986	1.581383883	6.981202989	3.946921714	0.431836591
1987	1.643473125	6.926830051	3.414443548	0.435674839
1988	1.4163338	7.130112224	3.725407929	0.429182925
1989	2.327869075	6.377514839	3.440548857	0.469195989
1990	2.126190967	6.530783323	2.953866167	0.42706371
1991	2.3006375	6.397836975	2.591115619	0.41256886
1992	2.593850933	6.184691284	2.920659619	0.476527527
1993	2.380222775	6.338758245	3.109596952	0.449299086
1994	1.493785067	7.059419225	3.30947431	0.401080151
1995	2.306355275	6.393560598	3.296141619	0.431473559
1996	1.620811383	6.946575615	3.207348452	0.392761129
1997	2.322572642	6.381458591	3.481016976	0.438579441
1998	2.559036258	6.209368658	3.162831	0.45141929
1999	1.730719025	6.851850879	3.7308715	0.423821355
2000	2.860178942	6.001069339	3.531761548	0.480546516
2001	1.628131108	6.940185385	3.053288833	0.358889183
2002	1.839805683	6.760325909	3.474273952	0.410527581
2003	1.983109742	6.643611253	3.071605381	0.427486935
2004	2.351290083	6.360126091	2.711223548	0.429860914
2005	2.903344442	5.972124915	3.391241071	0.489037462
2006	2.0538427	6.587389194	3.262237095	0.481708925
2007	2.3851912	6.335101332	3.750351405	0.479876237
2008	2.51787865	6.238753708	3.442913381	0.461918763
2009	2.264544625	6.424947302	2.53375081	0.446025097
2010	2.227727192	6.452811177	3.248107905	0.48927457
2011	1.856456525	6.746564243	2.794087667	0.405570516
2012	2.457325792	6.28241216	3.297391119	0.475240075
2013	2.40110885	6.323409827	2.767332476	0.42355128
2014	2.042196742	6.596585246	2.743427905	0.388115753
2015	1.972415375	6.652189496	2.814697452	0.393099968
2016	1.896263717	6.713881143	2.420442524	0.332911151
2017	2.317579425	6.385180457	2.808839405	0.439241968
2018	2.931649467	5.9532628	2.803536095	0.454941172
2019	2.678146333	6.125604136	2.978731095	0.449651
2020	2.0990823	6.551888909	2.816686238	0.445381645
2021	2.247577675	6.437761597	2.915306714	0.428402022
2022	2.18687105	6.483983835	3.32072281	0.464624011
2023	2.449263308	6.28826411	2.879612	0.404826753
2024	2.601478367	6.179306432	2.831847143	0.414598849
2025	2.806533275	6.037348758	3.389884595	0.495770441
2026	2.605370542	6.176561591	3.165558238	0.504335763
2027	2.656546317	6.140656609	2.562893333	0.424215161
2028	1.780968408	6.809392223	2.646334238	0.365676129
2029	1.881583317	6.72589894	2.743643143	0.405760237
2030	2.787047725	6.050612231	2.871458048	0.411398742
2031	2.261858258	6.426973181	3.430764762	0.503502677
2032	2.095439792	6.554734272	2.916108429	0.449320882
2033	1.809010642	6.78592092	2.541415952	0.325462398
2034	1.662152742	6.910639061	2.642577095	0.333830065
2035	1.71510325	6.86515207	3.222757286	0.382311108
2036	0.260269158	8.419977802	2.893632405	0.386085043
2037	2.837336717	6.016474984	2.937268238	0.603427333
2038	1.979341992	6.646631104	2.27975481	0.399120839
2039	1.968127	6.655635151	3.086863762	0.406265946
2040	2.093230183	6.556461418	2.653349071	0.394686624
2041	2.557342258	6.210573562	2.901460667	0.449053269
2042	2.526073608	6.232884324	3.244762452	0.475398
2043	2.041478425	6.59715323	3.336738381	0.429177118
2044	1.992507708	6.636089952	2.91342619	0.368608774
2045	1.670715317	6.903242633	2.88558119	0.365719097
2046	1.461098275	7.089073345	3.7126335	0.389282258
2047	2.0321994	6.604498422	3.440042048	0.413063108
2048	0.718241067	7.846777564	2.759229643	0.414861796
2049	2.562126117	6.207171911	2.899117786	0.58367
2050	2.409772225	6.317062122	3.150978405	0.508203656
2051	2.413581333	6.314274616	2.955100405	0.44190586
2052	2.129172092	6.528469893	2.639180833	0.373665204
2053	1.946179317	6.673322459	2.619573071	0.371919183
2054	2.425383158	6.305651371	2.809510714	0.411179817
2055	1.922647825	6.692384835	2.56883031	0.372668667
2056	1.2115131	7.324594668	3.148677429	0.428775828
2057	0.2451295	8.440529634	3.44490769	0.507538344
2058	2.932394908	5.952767294	2.606007214	0.677783581
2059	2.679908758	6.124378594	2.367681595	0.466435796
2060	2.933813867	5.951824267	2.914990214	0.489565409
2061	1.987056283	6.640450851	2.880040452	0.407929301
2062	2.0870997	6.561257683	2.770615262	0.371148204
2063	1.705423533	6.873422784	2.767073548	0.330925935
2064	1.632791008	6.936123413	2.692839143	0.368893548
2065	1.893059583	6.716500641	2.848684976	0.446799194
2066	2.195123817	6.47766545	2.957513167	0.45989329
2067	1.639602592	6.930194482	4.145681976	0.459085667
2068	2.167126733	6.499145163	2.78287969	0.439625022
2069	1.560677242	6.999530184	2.823793048	0.408340538
2070	1.776595742	6.813066421	3.308425095	0.424321355
2071	2.001875517	6.628608589	3.165265976	0.398058935
2072	1.7462144	6.838702501	3.035925905	0.397035032
2073	1.541397317	7.016683657	3.556540405	0.388094548
2074	1.817849542	6.778555366	3.521635405	0.425146387
2075	1.510001675	7.044803076	3.390832452	0.380233097
2076	1.432529933	7.115206219	3.153547714	0.362807968
2077	1.5234996	7.032685156	3.116995881	0.357839957
2078	1.704331883	6.874356773	3.604960595	0.395122505
2079	1.575940858	6.986011016	3.351294571	0.386883108
2080	1.832783692	6.766145716	3.144900738	0.349279129
2081	2.0038998	6.626994012	2.794421833	0.322572151
2082	1.770267858	6.818390394	2.543108024	0.350761839
2083	1.652329933	6.919143705	3.270900333	0.420886688
2084	1.350307117	7.191574345	3.028034595	0.349306849
2085	1.618787567	6.94834454	3.87409769	0.400152011
2086	1.473887917	7.077439318	2.780841167	0.37128057
2087	1.564760808	6.995908066	2.961970738	0.374020849
2088	1.296706367	7.242315115	3.065201762	0.337778634
2089	1.613582717	6.952898059	3.15077719	0.36839014
2090	1.503070158	7.05104279	3.260086643	0.350442323
2091	1.598875658	6.965797501	2.723615881	0.339105054
2092	1.778139417	6.811768882	2.553674476	0.31042572
2093	1.724689225	6.856980885	3.075694143	0.335139591
2094	1.545087017	7.013394213	3.337285857	0.379625108
2095	1.901520658	6.709587612	3.18099969	0.430410366
2096	1.9375181	6.680326786	3.105067333	0.357695366
2097	1.4460362	7.102826109	2.962273119	0.352233624
2098	1.3326754	7.208180108	3.297467643	0.353046978
2099	1.937705117	6.680175399	2.584638524	0.375618129
2100	1.8421627	6.758374585	2.647015381	0.333496882
2101	2.088964675	6.559797917	3.044933595	0.410297785
2102	2.42075435	6.309031107	2.910087929	0.416107129
2103	2.178489308	6.490412272	2.624047262	0.392983538
2104	1.878676217	6.728283652	2.715036976	0.359171903
2105	1.7529603	6.83299389	2.894777667	0.364009753
2106	2.191502483	6.480436615	3.428181976	0.444045796
2107	1.773255633	6.815875611	3.079378976	0.371380968
2108	1.846317842	6.754937276	2.771976262	0.382593118
2109	1.692629575	6.884384868	3.467608857	0.409954387
2110	1.716538892	6.863927086	2.896250905	0.392944925
2111	1.543788983	7.014551074	3.245681667	0.363267968
2112	1.773498825	6.815670999	2.920694643	0.347601
2113	1.737985083	6.845679163	3.693243238	0.43565043
2114	1.418854967	7.127787537	2.950702738	0.353386839
2115	1.524081533	7.03216369	3.414875071	0.405408151
2116	1.43139185	7.116251491	2.832552048	0.370840355
2117	1.259294867	7.278195311	3.324786071	0.345681215
2118	1.540590158	7.01740368	3.06367331	0.337820129
2119	1.744829042	6.839876	2.873316024	0.345571495
2120	1.971382	6.653019494	3.060330238	0.424506968
2121	1.608609275	6.957254789	2.617937857	0.362457237
2122	1.874910625	6.731374995	2.9955725	0.396406634
2123	1.799841225	6.793578345	2.350937786	0.330360366
2124	1.724581483	6.857072618	2.57795569	0.327787387
2125	1.71728235	6.863292889	2.719552738	0.330627516
2126	1.589094675	6.974403324	3.188054643	0.397237968
2127	1.796882033	6.796053171	2.794574929	0.344257753
2128	2.084983308	6.562914961	2.993301167	0.358853688
2129	1.935384033	6.682054738	2.919880952	0.391397011
2130	1.886690342	6.721713527	3.025392071	0.404618323
2131	1.610086742	6.955959951	3.441850548	0.412402194
2132	1.6448922	6.925597356	3.325350571	0.395574376
2133	1.644972525	6.925527594	3.00012281	0.364593247
2134	1.719419042	6.861470858	2.806198381	0.311748796
2135	1.676689467	6.898091497	2.797406952	0.331290323
2136	1.502311008	7.051726872	2.837357976	0.307794194
2137	1.580043442	6.982386423	2.656887333	0.313254075
2138	1.514912817	7.040389031	3.33842181	0.399146204
2139	2.242455775	6.441638792	3.270190833	0.400490946
2140	1.662026392	6.910748322	2.872776571	0.339085602
2141	2.145809458	6.515586078	3.42141519	0.446384344
2142	1.759338467	6.827605082	2.677072762	0.380946129
2143	1.78433325	6.806567501	2.791597667	0.378508118
2144	2.358912792	6.354484386	3.297584762	0.431126237
2145	1.86061715	6.743133965	2.719911667	0.375143688
2146	1.637887475	6.931686388	2.813614095	0.374177978
2147	2.060477125	6.582160979	3.080531881	0.416640624
2148	1.66663	6.906769585	2.431301	0.345168602
2149	2.177275858	6.491343883	2.691552952	0.427500914
2150	1.541623942	7.016481525	2.706183524	0.365858527
2151	1.815147133	6.780805666	2.973939976	0.367003484
2152	1.944053067	6.675040674	2.665592548	0.356536054
2153	2.244358608	6.440197895	3.3410685	0.43418628
2154	0.867600767	7.6795525	2.818162119	0.422843409
2155	3.109438325	5.836845523	3.391831524	0.543788269
2156	2.03068005	6.605702567	2.601497452	0.392817753
2157	1.780365533	6.809898567	2.7194025	0.359530237
2158	2.30453195	6.394923737	3.292586333	0.411381935
2159	1.681579433	6.893880905	2.886067405	0.316860806
2160	1.716306725	6.864125157	2.94577719	0.42793971
2161	2.390449833	6.331234766	3.169019214	0.460054677
2162	2.167246725	6.499052831	2.9949765	0.438533925
2163	1.837850817	6.761945126	2.858013405	0.397565022
2164	1.99741675	6.632167508	3.200046524	0.395363882
2165	2.290211933	6.40564725	3.847851619	0.520351957
2166	1.913097375	6.700150894	3.134550095	0.427398323
2167	1.694792342	6.882529327	3.236282595	0.43172829
2168	2.164068083	6.501499547	2.984742119	0.395773742
2169	1.955954408	6.665433952	2.9136915	0.404073516
2170	1.697013967	6.880624327	2.885343214	0.377460935
2171	1.539828442	7.018083306	3.241016024	0.389926301
2172	1.1922379	7.343498626	2.485217095	0.283635237
2173	1.775603083	6.813901057	3.191061952	0.361574796
2174	2.093392642	6.556334404	2.989070024	0.378451398
2175	1.445972558	7.102884337	2.850386405	0.382452882
2176	2.09521235	6.554912014	3.284599619	0.455531097
2177	1.43263225	7.115112262	2.658664167	0.341943882
2178	1.59018125	6.973446228	3.593729476	0.406409194
2179	1.653677842	6.917975433	2.788177524	0.334640258
2180	1.611193325	6.954990472	3.050188714	0.344111892
2181	1.594579292	6.969575003	3.21790681	0.339270194
2182	1.467215925	7.083503457	2.928023857	0.343758989
2183	1.545184083	7.013307719	2.975039357	0.392746258
2184	1.880430592	6.726844334	3.107597929	0.429414183
2185	1.750446717	6.835119873	2.824876333	0.345888839
2186	1.727371508	6.854697926	3.422123333	0.434068806
2187	1.59646725	6.967914536	2.971865405	0.355196785
2188	1.511125933	7.043792106	3.129645571	0.404578409
2189	1.616356117	6.950470968	2.885218905	0.39194586
2190	1.725369917	6.856401389	2.690758952	0.351491043
2191	1.987694042	6.639940396	3.469354071	0.435825817
2192	2.026554892	6.60897397	2.957221452	0.405172097
2193	1.950892242	6.669516931	2.773770286	0.349670817
2194	2.004583467	6.626448882	2.844018643	0.358207484
2195	2.178485283	6.490415361	3.023810833	0.405243925
2196	1.850863	6.751181185	3.163441476	0.380806
2197	1.813021525	6.782576682	2.859673524	0.39412186
2198	1.607667542	6.958080371	2.994387905	0.391000441
2199	2.065820108	6.577956022	3.109616762	0.37810272
2200	1.568991025	6.992159923	2.958660952	0.357606892
