Year	Chla	Secchi	DIN	PO4
1850	0.975656208	6.953293425	3.399013571	0.380321613
1851	0.9937137	6.937102051	2.760002476	0.305954129
1852	0.867537067	7.051827533	3.019375667	0.311684226
1853	0.87167115	7.048008918	2.730807857	0.306961925
1854	0.642988558	7.265621301	2.804399167	0.298929871
1855	0.949103108	6.977238543	3.060710286	0.364432183
1856	0.770314183	7.142837073	2.772346714	0.311191151
1857	0.885052175	7.035677198	3.01923619	0.338868333
1858	0.72930025	7.181936499	2.97300131	0.326452419
1859	0.818420808	7.097513649	2.776876452	0.32855628
1860	0.775999758	7.137450356	2.397626167	0.273955355
1861	0.551896567	7.356024606	2.593112786	0.296047086
1862	1.061008433	6.877409451	3.058714548	0.361135806
1863	0.900642283	7.021363718	2.875337667	0.318914806
1864	0.68816825	7.221578021	2.724635667	0.289912161
1865	0.760511967	7.152143108	2.476161857	0.281171774
1866	0.935255475	6.989790992	2.88370381	0.334540495
1867	0.704768458	7.20552727	2.721761548	0.301650753
1868	0.507588608	7.400765956	2.405755405	0.275422075
1869	0.933060333	6.991784933	2.763517714	0.334810097
1870	0.897880433	7.023895182	2.535762262	0.298882516
1871	0.756030917	7.156405387	2.403592286	0.281533108
1872	0.773317242	7.139990858	2.778759952	0.299995075
1873	0.7250915	7.1859729	2.628380667	0.298883086
1874	0.879228467	7.041038938	3.153546667	0.367935054
1875	0.695285967	7.214687243	2.675505452	0.290556022
1876	0.8876427	7.03329478	2.652491286	0.310950688
1877	0.739483967	7.172188433	2.495841286	0.284352914
1878	0.89017985	7.030963006	2.544438976	0.328110011
1879	0.718868033	7.191949782	2.679249738	0.310265559
1880	0.893114133	7.028268165	2.760386	0.321105441
1881	0.903095725	7.019116458	3.056871595	0.349247204
1882	0.968862125	6.959404723	3.014087119	0.359507914
1883	0.629213025	7.279155159	2.437290976	0.266098505
1884	0.801125383	7.113742196	3.119797048	0.338801344
1885	0.872421958	7.047315846	2.923647071	0.336807452
1886	0.969722133	6.958630556	3.008181476	0.34619743
1887	0.809065133	7.106283024	2.804492619	0.311915161
1888	0.780360233	7.133324574	2.886439167	0.333421065
1889	0.77698845	7.136514461	3.041083238	0.346703903
1890	0.8534246	7.064894229	3.087243595	0.33747428
1891	0.9638874	6.96388624	2.886655024	0.331159
1892	1.063277367	6.875414368	2.99481881	0.332330634
1893	0.667567367	7.241595466	2.976706857	0.303247269
1894	0.86597385	7.053272537	3.140270643	0.355334892
1895	1.049369067	6.887661807	2.734590262	0.317312333
1896	0.822102983	7.094068151	2.736056952	0.326708097
1897	0.8057945	7.1093538	2.879337548	0.342509946
1898	1.005238267	6.926807275	2.994538619	0.359042323
1899	0.90301505	7.019190331	2.759324262	0.337089452
1900	0.967805942	6.960355716	3.126733214	0.342730161
1901	0.616758567	7.291433356	2.517214405	0.291220495
1902	0.765035425	7.147845622	2.939081976	0.35081272
1903	0.716330592	7.194389519	2.512122643	0.322460699
1904	0.967057992	6.96102933	2.666106905	0.304147645
1905	1.064595	6.874256286	3.280887	0.370927473
1906	1.073599625	6.866352204	2.89449619	0.340826742
1907	0.846164375	7.071635286	2.91206269	0.326273839
1908	0.813836742	7.10180774	2.583081262	0.286938108
1909	1.125466767	6.821166275	3.245795119	0.397762613
1910	0.740565817	7.17115441	3.194634786	0.343805591
1911	0.871199233	7.048444615	3.077082952	0.374271731
1912	0.857950917	7.060698066	2.94704119	0.370430452
1913	0.889831892	7.031282707	2.650618214	0.346351258
1914	1.059263158	6.878944848	3.365596952	0.396867903
1915	1.119004483	6.826764641	2.685346381	0.342852817
1916	1.096177658	6.846611293	2.594662881	0.339627086
1917	0.934986383	6.990035359	2.947759119	0.349410258
1918	1.097232442	6.845691751	2.922414262	0.368612312
1919	1.079427358	6.861246174	2.967931071	0.36458443
1920	0.856589708	7.061959464	3.120568619	0.376431774
1921	1.319245842	6.657281092	2.914855238	0.351701011
1922	1.283489433	6.686957372	3.332814024	0.430187258
1923	1.3410453	6.639309011	3.373810524	0.416927527
1924	0.722770125	7.188201144	3.3223895	0.353703667
1925	0.769640608	7.143475779	3.465627881	0.360279022
1926	1.084205908	6.857064912	3.436644857	0.405498452
1927	0.9442678	6.981616519	3.423721214	0.392495237
1928	1.382817392	6.605121599	3.485296571	0.395022591
1929	0.906654817	7.015859007	3.66376069	0.371272817
1930	0.942651908	6.98308079	3.5281335	0.363620032
1931	1.414406875	6.57948303	3.594125952	0.432886602
1932	1.045415817	6.89115077	3.685111548	0.431276871
1933	1.151521233	6.798684604	3.570569167	0.401789645
1934	1.112217108	6.832654223	3.684059095	0.393361731
1935	1.326698508	6.651126713	4.038992881	0.443540828
1936	0.974427942	6.954397469	3.911706405	0.409402839
1937	0.977657858	6.951494957	3.64855269	0.414937946
1938	1.431630667	6.565580715	3.223827429	0.409405892
1939	1.234461783	6.728055147	3.521025786	0.426441538
1940	1.409147483	6.583738942	3.692000286	0.456409828
1941	1.520328075	6.494825946	3.507094095	0.470981398
1942	1.483327767	6.52417286	3.500705167	0.506760484
1943	1.629534492	6.409568698	3.817659	0.502270409
1944	1.337600775	6.642142758	3.910989643	0.498070688
1945	1.008452725	6.923941196	4.119516071	0.489572656
1946	1.199543275	6.757618955	3.802105738	0.491156032
1947	1.547999717	6.473032673	3.740796548	0.469696495
1948	1.863307192	6.233472354	3.65220131	0.490956075
1949	1.648233825	6.395168257	3.205165524	0.478769914
1950	1.299624258	6.673535525	3.91824531	0.462126957
1951	1.319733508	6.656878054	3.948363952	0.459732118
1952	2.041520658	6.104618275	3.879555238	0.477470409
1953	1.016579958	6.916705177	3.890913429	0.426562763
1954	1.610929425	6.423953146	4.280343143	0.525679054
1955	1.353703108	6.628914943	4.212040262	0.492501559
1956	1.521157692	6.494170656	4.838353262	0.507768634
1957	1.923648533	6.189345741	4.885993881	0.54341371
1958	1.505975042	6.506181819	3.199594929	0.366541968
1959	1.0158288	6.917373341	4.81120319	0.480279935
1960	1.527698842	6.489008146	4.490187119	0.562345591
1961	1.748515183	6.318892111	4.939264	0.549485344
1962	2.159043192	6.021992056	4.323595286	0.567749118
1963	0.93182215	6.992910126	3.929913167	0.416533946
1964	2.24612745	5.961900684	5.492347881	0.60181686
1965	2.193754733	5.997926642	3.961645071	0.519556355
1966	1.760647583	6.309770307	4.60560581	0.578456538
1967	1.830166917	6.257931481	5.440299357	0.595039613
1968	1.401469883	6.589960753	3.728422976	0.497849946
1969	1.104662708	6.839220961	5.488556619	0.561745925
1970	2.453331708	5.822578576	6.412627048	0.824801333
1971	2.554638917	5.756232419	4.393266714	0.664085634
1972	2.335645783	5.901093672	4.761452619	0.725010118
1973	2.605285317	5.723479096	6.3304405	0.808630118
1974	1.992940775	6.139307017	6.452574952	0.74375614
1975	2.021724017	6.118715689	6.252337524	0.622310591
1976	2.5420136	5.764439847	4.498443476	0.658465086
1977	2.230080883	5.972902833	6.639744357	0.728148871
1978	2.428973575	5.838699834	5.4512415	0.686075355
1979	2.848764683	5.569684226	7.180634071	0.811337495
1980	1.978854208	6.149425637	5.401662714	0.726304925
1981	4.277199675	4.632911479	6.459187643	0.952934054
1982	1.483037033	6.524404403	5.519476667	0.717931344
1983	4.312719133	4.609250077	6.647811405	1.023254
1984	2.5747932	5.743165927	8.254910167	0.931985269
1985	2.508567833	5.786265351	5.762092786	0.690860882
1986	2.438083608	5.832662625	7.255962262	0.837145538
1987	2.706342392	5.658924028	8.970897571	1.041029914
1988	2.931247317	5.518894039	8.328233714	0.953124022
1989	3.616799958	5.116753532	4.636592452	1.106188645
1990	2.959261492	5.501788008	7.445522333	1.011577376
1991	3.146517383	5.389256477	5.083123452	0.800473742
1992	3.46512635	5.204587646	5.514453476	0.838645484
1993	2.901235167	5.537300675	6.11514519	0.844100785
1994	3.145720433	5.3897289	5.705300333	0.826167011
1995	4.05835815	4.783688559	4.157209286	0.871832387
1996	3.612581758	5.120139519	5.366762929	0.720745978
1997	3.233347833	5.33810671	5.223148738	0.847546226
1998	3.9729193	4.844997299	5.51674519	1.010245731
1999	3.29892885	5.299890481	5.470795714	0.948424839
2000	3.732610117	5.025372941	4.68968419	0.954442817
2001	3.158607608	5.382096185	4.979225833	0.800561237
2002	2.683494392	5.673427723	5.489597619	0.808145043
2003	2.881232142	5.549615408	4.225658119	0.931687903
2004	4.269988625	4.637742012	6.297967571	1.196693656
2005	2.967011833	5.497068214	7.204013762	1.047981097
2006	3.467074333	5.203483415	4.958108667	0.860998462
2007	3.085399567	5.425645379	4.843107262	0.92203372
2008	2.262133358	5.9509577	6.928655548	0.929017441
2009	3.079104583	5.429411786	6.298331238	1.088043731
2010	3.738263375	5.020988891	4.665838786	0.850047366
2011	2.597737567	5.728343068	4.109577429	0.726346806
2012	3.54132485	5.161609175	6.307075452	0.913344774
2013	4.550782425	4.45613836	4.64953519	0.909678602
2014	2.691612	5.668268684	4.372068381	0.659763839
2015	3.042754517	5.451228913	4.0836485	0.656538086
2016	3.605543083	5.125725981	4.278301643	0.732727624
2017	3.626763992	5.10877164	6.574814548	1.042842215
2018	3.655453608	5.085916557	6.534243238	1.023619172
2019	3.421713867	5.229272304	5.724984714	0.865431011
2020	2.241569283	5.965022737	5.285119881	0.760493968
2021	3.3548431	5.267583425	5.043461024	0.81445729
2022	3.485800733	5.192883019	6.110970881	0.97817914
2023	3.368767267	5.259576999	6.049805167	0.895061269
2024	3.320331408	5.287494443	6.132170476	0.837336172
2025	3.498264642	5.185842441	5.018911286	0.946340204
2026	3.034223208	5.456366312	4.56607369	0.888714505
2027	1.863473033	6.233350358	4.959730524	0.880618688
2028	4.155021675	4.71600703	4.384457714	0.97727286
2029	2.722553458	5.648665344	6.21972931	0.88015372
2030	3.177961267	5.370660122	6.486579429	0.903321667
2031	3.170093208	5.375305515	6.961193667	0.928034129
2032	3.154803867	5.38434756	5.585638	0.842720763
2033	2.636599117	5.703363299	4.540102024	0.649558473
2034	2.85197045	5.567698217	5.884075262	0.878368333
2035	3.011415517	5.470132589	4.618937595	0.814925344
2036	0.61852035	7.28969407	4.805315167	0.84629914
2037	3.275471967	5.313519069	5.854274452	1.117791366
2038	2.924347942	5.523118056	6.211675024	0.920410204
2039	3.056746292	5.442817309	3.563713881	0.77011771
2040	3.0809912	5.428282623	4.969829119	0.861993419
2041	3.088647042	5.423703709	4.737809929	0.809434602
2042	2.701636467	5.661906985	4.845832857	0.685540312
2043	2.600870125	5.726323637	6.211568548	0.788065366
2044	2.810292975	5.593594744	5.13081019	0.784209032
2045	3.420083683	5.230202085	5.015516643	0.749372118
2046	2.968886025	5.495927696	5.475112976	0.689897355
2047	3.173114933	5.373520833	4.457460929	0.76825043
2048	1.330844608	6.647707475	4.352451738	0.808482839
2049	2.6733084	5.679910782	6.067481095	1.033157871
2050	3.611467008	5.121035027	6.677900595	0.951471247
2051	3.576882692	5.141702795	4.527133952	0.959191258
2052	3.14437025	5.390529398	4.532065762	0.812932839
2053	3.096980192	5.418725522	5.569436286	0.994279946
2054	3.815329642	4.96191626	3.991692667	0.958940226
2055	3.264788625	5.319741055	5.743652833	0.977945968
2056	0.905913925	7.016536858	3.568491214	0.756597624
2057	1.318022942	6.658291973	5.056999024	1.172305591
2058	3.777480525	4.990768286	4.788036143	1.332261054
2059	2.060268292	6.091316182	5.213438738	0.949531753
2060	3.663722008	5.079364521	6.615781286	1.03315871
2061	2.873858575	5.554164398	4.68733369	0.760233839
2062	3.059947275	5.440895371	5.91839069	0.702427591
2063	1.861353317	6.234909954	5.6765395	0.633294785
2064	1.840062642	6.250611087	5.956654714	0.739788548
2065	1.804669475	6.276860107	5.167261238	0.760200129
2066	2.666328758	5.684359218	6.336514571	0.797821796
2067	2.279743958	5.938953457	6.0778955	0.78228729
2068	3.11860465	5.405835337	6.718881929	0.900289731
2069	2.312370025	5.916812232	4.837361714	0.595218011
2070	2.37849955	5.872319515	6.306133381	0.783174656
2071	2.178233575	6.00866869	4.675896405	0.678311204
2072	2.182327408	6.005832455	6.802813048	0.832237484
2073	2.137925358	6.036707561	5.365114286	0.713032849
2074	3.023091867	5.463079158	6.488354833	0.824177161
2075	2.292130458	5.930532562	5.306900667	0.707112183
2076	2.720422717	5.650012213	5.843570167	0.774126237
2077	1.923213017	6.189662367	4.617632833	0.574620269
2078	1.918333667	6.193211544	7.131044833	0.781999613
2079	2.568273517	5.747388051	5.983417952	0.802408473
2080	2.793597217	5.604015791	4.18281281	0.675680215
2081	2.949161133	5.50794717	4.495867262	0.706884656
2082	2.361757417	5.883535621	5.401824214	0.74930472
2083	2.907120825	5.53368435	4.700247619	0.755843688
2084	2.20289195	5.991616934	4.848039048	0.632657925
2085	2.641713317	5.700087655	7.127063476	0.754233355
2086	2.099486375	6.063639788	5.860842857	0.778535699
2087	2.789650092	5.606483446	4.350436214	0.742547882
2088	2.288341417	5.93310657	6.293848095	0.765926505
2089	1.97867285	6.149556087	6.496346476	0.855509839
2090	2.768461092	5.619756394	7.032160929	0.832101871
2091	3.135022217	5.396075955	6.480277452	0.823936828
2092	3.127123183	5.400768616	5.074093857	0.660433591
2093	2.79593125	5.60255732	5.600904143	0.653978667
2094	2.265186525	5.948873829	6.62800781	0.749229409
2095	3.062008308	5.439658361	5.11995469	0.733180839
2096	2.704515042	5.66008207	4.627655024	0.658425194
2097	2.205371525	5.989906455	4.694873714	0.686581699
2098	2.52541905	5.775253698	5.409105119	0.761483806
2099	2.906599442	5.534004573	6.406967286	0.866225
2100	3.600062083	5.128776704	3.624757548	0.700683968
2101	3.056919367	5.442713368	5.735699595	0.828456075
2102	2.24692545	5.961354366	5.170848262	0.854021699
2103	2.490670408	5.797994606	7.615142405	0.869957247
2104	2.6207923	5.713504721	5.505986619	0.764901699
2105	3.497969942	5.186008774	4.483080786	0.698388108
2106	3.320319975	5.287501055	4.769142571	0.695400151
2107	2.228886392	5.973723085	4.961140381	0.639497699
2108	2.723059267	5.648345683	6.855321429	0.899602903
2109	1.977466808	6.150423704	5.941836143	0.712854957
2110	3.065353842	5.437651207	6.462092167	0.842271667
2111	2.110846675	6.055660332	4.383668881	0.575248462
2112	2.420405925	5.844386147	6.298061262	0.83752843
2113	2.8568981	5.564647393	6.114870405	0.871404774
2114	2.56043375	5.752471053	6.798294286	0.841888849
2115	3.03699375	5.454697232	6.275782	0.886690774
2116	2.631877033	5.706390199	6.418667333	0.80623929
2117	3.099271992	5.417357472	4.610414357	0.693368065
2118	2.67033725	5.681803819	4.151006643	0.644726075
2119	2.814219217	5.591148016	3.834945786	0.71290143
2120	3.464018717	5.205215647	4.312787	0.957379903
2121	2.415426125	5.847695036	4.585425048	0.682263602
2122	2.921456475	5.524889616	5.83398369	0.749531441
2123	1.883427933	6.218700323	4.738906667	0.645808065
2124	2.392019117	5.863285893	7.109291762	0.88665
2125	3.285245367	5.307835215	5.284525405	0.740631613
2126	3.249990683	5.328374878	4.841834762	0.672346237
2127	2.65075755	5.694301444	4.657997571	0.730881785
2128	3.144569342	5.390411351	4.324050071	0.758031892
2129	2.594372083	5.730513807	4.359412024	0.747553022
2130	2.203533325	5.991174423	5.223749833	0.744997312
2131	2.555788492	5.755485956	6.219902786	0.787247677
2132	3.020537683	5.464621041	6.595404762	0.842398269
2133	3.037192783	5.454577353	4.635200095	0.61711371
2134	2.7134219	5.654440726	5.139097262	0.742432333
2135	2.61008545	5.720388873	3.630156548	0.648926527
2136	3.776898825	4.991214106	3.539950048	0.802372699
2137	2.933960458	5.517234175	4.128481024	0.856956022
2138	3.017474308	5.466471078	3.976106619	0.863182925
2139	3.5119091	5.17814852	5.039962595	0.889368667
2140	1.7969476	6.282611746	3.614485286	0.996582473
2141	4.361239925	4.577279107	6.631413333	1.135792398
2142	2.2439032	5.963423836	4.402787143	0.69980714
2143	2.628850525	5.708331436	5.218056524	0.799593172
2144	2.861712233	5.561669081	4.04918769	0.894995086
2145	3.428632492	5.225328547	5.781258905	0.901006183
2146	2.677993267	5.6769277	6.879701976	0.891242656
2147	2.9215011	5.524862269	7.205973667	0.944712527
2148	2.12172695	6.048033717	7.181692405	0.783002903
2149	2.834075708	5.578796773	6.544672095	0.876041645
2150	2.7545413	5.628499882	4.555566143	0.702790903
2151	2.727080183	5.645805452	4.947389143	0.758207634
2152	2.381267292	5.870468431	6.858016905	0.836185742
2153	2.57233375	5.744758127	6.613238214	0.948187914
2154	0.633164758	7.275267735	4.844858381	0.82980628
2155	4.3903419	4.55829518	5.474723143	1.158103495
2156	2.136020192	6.038037934	4.019601976	0.672688968
2157	2.536251083	5.768191625	6.252489214	0.88966071
2158	3.145199633	5.390037654	4.156976643	0.77683843
2159	2.794831667	5.603244352	4.851589786	0.87000743
2160	3.555940617	5.153415421	6.093916262	1.009695172
2161	4.136221017	4.729034065	6.170214667	0.960440269
2162	3.435609683	5.221355171	5.306354714	0.81503643
2163	2.252661542	5.957429668	6.008854405	0.720818806
2164	3.347898283	5.271582477	6.421807071	0.827807075
2165	2.847483858	5.570477986	5.906832524	0.839636473
2166	2.345740717	5.894296174	6.091509571	0.776331054
2167	2.604471742	5.724003098	5.690240524	0.824383581
2168	2.127249892	6.044168211	5.296701333	0.775213086
2169	2.424887792	5.841410517	5.127449452	0.747313237
2170	2.690985208	5.668666795	6.472275976	0.822747473
2171	3.029788358	5.459039458	5.392648476	0.690547172
2172	1.807652117	6.274640875	3.989508262	0.492301108
2173	2.757878842	5.626401716	6.845685643	0.838291527
2174	2.724756417	5.647273304	4.22582831	0.692644419
2175	1.97115555	6.154967244	5.753252286	0.731238581
2176	2.835891158	5.57766941	5.953009952	0.896446505
2177	2.154115833	6.025420503	5.080883976	0.672990247
2178	2.792321058	5.604813451	6.419802333	0.824727441
2179	1.784069058	6.292224257	5.180021071	0.683400226
2180	2.796599283	5.602139983	6.64592581	0.83699129
2181	2.984482375	5.486449122	5.543107881	0.728206968
2182	3.059034008	5.441443623	6.847515571	0.775933882
2183	2.265258275	5.948824871	5.758984167	0.753269011
2184	2.944173925	5.510991808	6.849333048	0.899198763
2185	2.797778667	5.601403298	4.68088431	0.676226591
2186	2.713658208	5.654291164	7.011639857	0.810231656
2187	2.256040325	5.95511974	6.146065643	0.771170688
2188	3.260124875	5.322460163	4.370606381	0.764590032
2189	2.684181908	5.672990522	4.424568952	0.673635656
2190	2.604868233	5.72374772	5.002232238	0.748184462
2191	3.189884133	5.363630705	6.747246738	0.896018925
2192	2.544352008	5.762918409	4.464594143	0.682751946
2193	2.9307873	5.519175539	5.864494881	0.825955011
2194	2.778200425	5.613650137	4.417855357	0.669338452
2195	3.035411633	5.455650276	6.559051762	0.926019419
2196	3.633883867	5.103082129	6.131042167	0.829196742
2197	2.9860474	5.48549921	4.22666181	0.608190247
2198	2.475631375	5.807877805	6.155418262	0.723602043
2199	3.012170292	5.469676276	5.375036524	0.708111258
2200	2.470884792	5.811002303	6.380020357	0.713466785
