Year	O2debt
1850	3.28372
1851	2.4496
1852	3.52974
1853	3.40977
1854	4.21472
1855	3.25374
1856	3.9938
1857	2.73305
1858	2.16192
1859	2.51862
1860	3.90486
1861	4.75319
1862	3.70872
1863	2.12866
1864	2.40076
1865	4.16161
1866	1.89778
1867	2.69226
1868	3.60409
1869	2.94935
1870	3.47844
1871	4.51847
1872	4.48369
1873	4.29089
1874	2.09131
1875	4.22726
1876	4.77128
1877	5.66512
1878	4.85723
1879	5.15326
1880	4.20983
1881	4.66446
1882	2.56178
1883	4.69371
1884	4.43575
1885	3.97707
1886	4.44356
1887	3.15091
1888	4.54604
1889	4.4511
1890	3.80008
1891	4.26882
1892	4.10705
1893	4.81832
1894	3.52966
1895	4.66612
1896	3.60927
1897	4.54499
1898	3.87007
1899	4.13928
1900	4.53866
1901	4.69855
1902	4.91228
1903	5.04097
1904	4.57412
1905	3.93465
1906	3.04164
1907	4.79771
1908	4.93699
1909	4.75524
1910	4.68574
1911	4.64542
1912	4.65218
1913	3.92959
1914	2.06561
1915	2.11158
1916	4.34513
1917	5.64445
1918	5.00541
1919	4.45332
1920	4.34717
1921	4.73426
1922	4.96959
1923	4.11626
1924	5.5275
1925	3.88836
1926	4.76496
1927	3.96704
1928	5.2259
1929	6.62277
1930	4.5126
1931	5.14949
1932	2.39094
1933	3.13481
1934	3.1521
1935	3.00279
1936	3.2439
1937	3.5358
1938	4.12671
1939	3.96607
1940	6.4307
1941	7.36852
1942	8.3495
1943	6.18815
1944	4.99448
1945	5.6722
1946	5.78236
1947	7.22892
1948	7.71156
1949	4.35318
1950	5.63741
1951	6.91442
1952	6.39053
1953	6.40726
1954	7.08111
1955	5.43169
1956	6.54168
1957	5.75369
1958	6.91778
1959	6.66363
1960	8.08946
1961	7.0565
1962	5.74673
1963	8.76397
1964	7.8529
1965	8.73378
1966	9.25957
1967	8.58074
1968	9.60425
1969	9.95274
1970	9.54946
1971	9.56572
1972	9.69424
1973	5.81507
1974	5.76899
1975	6.34182
1976	4.06926
1977	5.6043
1978	7.23605
1979	9.86707
1980	10.1651
1981	9.52782
1982	11.7049
1983	5.53202
1984	3.61875
1985	9.37114
1986	11.9683
1987	12.9524
1988	10.6037
1989	3.54074
1990	4.58126
1991	5.16449
1992	2.86702
1993	2.8694
1994	5.77214
1995	3.5826
1996	9.39784
1997	9.01835
1998	6.96551
1999	8.45271
2000	4.84769
2001	6.69894
2002	6.47463
2003	9.92842
2004	7.84391
2005	6.7528
2006	7.82761
2007	3.5337
2008	6.74837
2009	6.99182
2010	7.87325
2011	11.0978
2012	9.28468
2013	6.29308
2014	8.27959
2015	11.2252
2016	12.8141
2017	11.7481
2018	6.87189
2019	6.56248
2020	9.65077
2021	9.56486
2022	11.315
2023	9.4275
2024	10.3404
2025	9.28882
2026	8.57024
2027	8.13318
2028	9.22017
2029	6.98858
2030	9.66828
2031	7.57753
2032	9.70489
2033	10.0843
2034	9.42272
2035	9.75839
2036	6.97292
2037	8.80581
2038	11.0723
2039	9.36692
2040	8.71665
2041	2.55692
2042	6.34851
2043	7.07672
2044	7.15916
2045	8.07602
2046	9.92265
2047	9.43707
2048	9.23754
2049	11.2244
2050	12.4972
2051	12.5686
2052	15.3403
2053	14.5659
2054	12.1768
2055	12.4971
2056	14.0173
2057	11.8576
2058	8.74304
2059	5.29153
2060	3.19805
2061	6.2763
2062	3.70951
2063	6.98047
2064	4.13198
2065	3.14201
2066	3.39154
2067	4.9011
2068	3.15674
2069	5.45541
2070	4.03735
2071	3.6562
2072	3.1745
2073	5.13145
2074	4.60229
2075	4.09025
2076	4.75469
2077	5.63914
2078	8.51741
2079	8.56142
2080	6.17041
2081	6.75283
2082	7.52058
2083	6.67503
2084	9.04932
2085	7.50199
2086	5.23791
2087	7.90631
2088	8.43413
2089	8.0581
2090	9.24901
2091	6.93417
2092	5.36641
2093	5.64587
2094	7.52366
2095	5.97555
2096	7.44216
2097	5.95474
2098	8.30588
2099	10.2763
2100	7.42113
2101	8.31992
2102	5.33462
2103	6.6096
2104	6.5335
2105	6.70232
2106	4.54775
2107	5.89324
2108	2.67422
2109	5.60608
2110	3.93955
2111	7.76185
2112	6.45824
2113	6.30925
2114	9.69067
2115	6.73798
2116	6.67151
2117	9.53895
2118	11.0292
2119	10.444
2120	4.08594
2121	6.95214
2122	7.38967
2123	7.70552
2124	7.85967
2125	6.58297
2126	9.30498
2127	8.72987
2128	6.95752
2129	5.35055
2130	5.49056
2131	7.91096
2132	7.64728
2133	9.97269
2134	11.3311
2135	11.4268
2136	9.9374
2137	10.9788
2138	13.6583
2139	12.116
2140	11.021
2141	9.8343
2142	10.2258
2143	10.1828
2144	10.6841
2145	7.95116
2146	8.11162
2147	4.29165
2148	7.97447
2149	4.4609
2150	7.80721
2151	8.58349
2152	7.0855
2153	8.66313
2154	9.35301
2155	6.10634
2156	11.4667
2157	12.5934
2158	10.305
2159	10.5028
2160	10.9555
2161	7.19449
2162	5.14063
2163	6.8101
2164	4.74659
2165	3.95043
2166	4.78981
2167	5.41362
2168	4.7411
2169	4.3013
2170	2.9311
2171	4.17226
2172	9.71169
2173	6.59978
2174	3.61181
2175	3.64826
2176	2.67046
2177	6.79037
2178	5.88337
2179	4.44536
2180	6.19498
2181	3.80149
2182	7.30173
2183	6.4933
2184	5.84263
2185	7.96639
2186	5.44681
2187	7.98033
2188	5.92261
2189	7.1123
2190	6.45931
2191	6.922
2192	8.17281
2193	8.85498
2194	7.40154
2195	4.16399
2196	5.28262
2197	3.25763
2198	3.50772
2199	3.63478
2200	5.90857
