Year	Denmark	Estonia	Finland	Latvia	Lithuania	Sweden	Poland	Russian Federation
1950	4268.271	1100.995	4008.294	1926.568	2567.403	7009.912	24824.018	102798.657
1951	4308.921	1113.247	4050.492	1933.991	2569.611	7073.227	25283.44	104306.139
1952	4346.182	1125.24	4096.554	1945.956	2578.047	7127.52	25764.925	105969.201
1953	4380.301	1136.904	4144.297	1961.655	2591.373	7175.667	26261.073	107729.374
1954	4411.657	1148.213	4191.979	1980.395	2608.522	7220.064	26764.864	109537.789
1955	4440.778	1159.231	4238.275	2001.57	2628.745	7262.623	27269.749	111355.221
1956	4468.346	1170.101	4282.379	2024.675	2651.625	7304.779	27769.541	113152.375
1957	4495.221	1181.019	4323.921	2049.315	2676.999	7347.479	28258.523	114909.591
1958	4522.334	1192.253	4362.913	2075.172	2704.985	7391.248	28731.444	116615.773
1959	4550.682	1204.108	4399.674	2102.004	2735.866	7436.262	29183.688	118266.782
1960	4581.101	1216.819	4434.59	2129.586	2769.866	7482.543	29611.556	119860.288
1961	4614.027	1230.499	4467.773	2157.66	2806.913	7530.181	30012.671	121390.406
1962	4649.346	1245.076	4498.817	2185.878	2846.388	7579.566	30386.276	122842.95
1963	4686.279	1260.213	4526.746	2213.803	2887.074	7631.457	30733.37	124193.394
1964	4723.629	1275.437	4550.239	2240.945	2927.38	7686.73	31056.315	125412.625
1965	4760.46	1290.396	4568.598	2266.941	2966.162	7745.673	31357.726	126483.875
1966	4796.487	1304.987	4581.115	2291.465	3002.79	7809.086	31637.766	127395.883
1967	4831.752	1319.245	4588.656	2314.5	3037.44	7875.907	31898.318	128164.764
1968	4866.068	1333.176	4594.024	2336.322	3070.69	7942.322	32146.054	128836.021
1969	4899.291	1346.818	4601.033	2357.395	3103.511	8003.185	32389.546	129472.835
1970	4931.241	1360.202	4612.366	2378.017	3136.58	8054.916	32635.557	130123.431
1971	4961.762	1373.306	4629.38	2398.376	3170.071	8095.793	32886.596	130805.201
1972	4990.546	1386.068	4651.172	2418.267	3203.628	8127.034	33143.187	131514.099
1973	5017.248	1398.471	4675.456	2437.177	3236.731	8151.598	33407.619	132250.78
1974	5041.419	1410.467	4698.779	2454.393	3268.642	8173.968	33681.72	133008.905
1975	5062.729	1422.042	4718.749	2469.436	3298.873	8197.34	33966.572	133784.384
1976	5081.267	1433.178	4734.437	2482.181	3327.257	8223.249	34261.866	134580.091
1977	5097.045	1443.889	4746.932	2492.978	3354.062	8250.695	34566.894	135402.802
1978	5109.69	1454.273	4758.252	2502.513	3379.798	8277.414	34881.38	136255.397
1979	5118.707	1464.416	4771.345	2511.735	3405.176	8300.003	35204.73	137140.562
1980	5123.945	1474.436	4788.243	2521.385	3430.759	8316.338	35535.108	138058.71
1981	5125.298	1483.873	4809.813	2531.013	3456.142	8325.493	35873.731	139002.314
1982	5123.349	1492.641	4835.1	2540.442	3481.132	8329.425	36216.709	139964.753
1983	5119.607	1501.42	4862.178	2550.927	3506.539	8332.443	36550.846	140946.861
1984	5116.058	1511.199	4888.204	2564.107	3533.478	8340.44	36858.895	141950.629
1985	5114.243	1522.397	4911.22	2580.751	3562.396	8357.652	37128.717	142971.168
1986	5114.657	1536.033	4930.341	2602.151	3594.056	8384.989	37354.265	144011.513
1987	5117.277	1551.208	4946.373	2626.899	3627.328	8421.056	37538.975	145051.663
1988	5122.441	1564.192	4961.087	2649.821	3658.49	8464.787	37691.897	146035.578
1989	5130.361	1569.971	4977.115	2663.924	3682.557	8514.206	37827.018	146890.544
1990	5141.115	1565.242	4996.222	2664.432	3696.034	8567.384	37954.553	147564.066
1991	5154.908	1548.215	5019.125	2649.152	3697.453	8625.137	38077.213	148035.898
1992	5171.65	1520.81	5044.925	2620.246	3688.1	8686.738	38191.777	148318.025
1993	5190.742	1488.059	5071.789	2582.65	3670.647	8746.776	38295.474	148431.373
1994	5211.334	1457.093	5097.097	2543.622	3649.134	8798.234	38383.516	148411.855
1995	5232.704	1433.024	5119.005	2508.473	3626.602	8836.42	38452.632	148288.839
1996	5254.86	1417.736	5136.979	2478.825	3603.745	8859.191	38503.607	148073.924
1997	5277.711	1409.674	5151.746	2453.302	3579.904	8868.853	38538.73	147768.371
1998	5300.379	1406.35	5164.242	2430.547	3555.133	8870.848	38558.054	147381.001
1999	5321.774	1403.789	5175.926	2408.09	3529.178	8873.1	38561.694	146919.737
2000	5341.194	1399.112	5187.954	2384.163	3501.835	8881.64	38550.495	146396.514
2001	5358.062	1391.729	5200.479	2358.677	3473.617	8897.793	38524.005	145814.864
2002	5372.801	1382.732	5213.373	2332.492	3444.754	8920.694	38484.472	145194.882
2003	5386.968	1372.909	5227.103	2305.775	3414.352	8951.422	38438.826	144584.695
2004	5402.761	1363.565	5242.185	2278.855	3381.118	8990.639	38396.066	144044.607
2005	5421.702	1355.648	5258.927	2251.983	3344.252	9038.623	38362.666	143618.185
2006	5444.303	1349.297	5277.57	2225.223	3303.671	9096.264	38341.036	143322.933
2007	5469.957	1344.072	5298.014	2198.518	3260.091	9163.243	38329.585	143150.142
2008	5497.795	1339.712	5319.902	2171.881	3214.627	9236.89	38325.689	143083.187
2009	5526.447	1335.83	5342.646	2145.309	3168.772	9313.478	38324.87	143092.765
2010	5554.844	1332.102	5365.782	2118.848	3123.803	9390.168	38323.402	143153.869
2011	5582.873	1328.449	5389.242	2092.493	3079.881	9465.892	38320.947	143263.988
2012	5610.66	1324.934	5412.98	2066.374	3037.246	9540.907	38317.404	143420.597
2013	5637.817	1321.56	5436.616	2040.784	2997.334	9615.247	38309.451	143597.23
2014	5663.914	1318.359	5459.717	2016.125	2961.846	9689.376	38293.06	143761.378
2015	5688.695	1315.321	5481.966	1992.663	2931.926	9763.565	38265.226	143888.004
2016	5711.87	1312.442	5503.132	1970.53	2908.249	9837.533	38224.41	143964.513
2017	5733.551	1309.632	5523.231	1949.67	2890.297	9910.701	38170.712	143989.754
2018	5754.356	1306.788	5542.517	1929.938	2876.475	9982.709	38104.832	143964.709
2019	5775.224	1303.798	5561.389	1911.108	2864.459	10053.135	38028.278	143895.551
2020	5796.8	1300.559	5580.127	1892.993	2852.478	10121.686	37942.231	143786.842
2021	5819.262	1297.038	5598.77	1875.529	2839.999	10188.119	37846.622	143636.809
2022	5842.422	1293.233	5617.163	1858.748	2827.266	10252.422	37741.149	143441.868
2023	5866.015	1289.139	5635.162	1842.658	2814.245	10314.825	37626.511	143203.543
2024	5889.673	1284.758	5652.535	1827.31	2801.129	10375.71	37503.622	142924.318
2025	5913.085	1280.134	5669.119	1812.682	2788.01	10435.342	37373.183	142606.884
2026	5936.212	1275.23	5684.877	1798.806	2774.739	10493.845	37235.687	142253.253
2027	5959.089	1270.08	5699.824	1785.573	2761.063	10551.107	37091.264	141865.848
2028	5981.545	1264.718	5713.891	1772.744	2746.987	10606.81	36939.878	141448.648
2029	6003.398	1259.199	5726.992	1760.023	2732.518	10660.539	36781.302	141006.283
2030	6024.516	1253.59	5739.095	1747.192	2717.731	10712.041	36615.5	140543.418
2031	6044.817	1247.907	5750.172	1734.151	2702.561	10761.291	36442.679	140063.004
2032	6064.297	1242.16	5760.268	1720.947	2687.021	10808.532	36263.294	139568.954
2033	6082.947	1236.396	5769.43	1707.704	2671.18	10854.142	36077.912	139068.117
2034	6100.784	1230.662	5777.716	1694.629	2655.143	10898.63	35887.209	138568.415
2035	6117.85	1225.001	5785.214	1681.894	2638.998	10942.47	35691.755	138076.421
2036	6134.128	1219.434	5791.952	1669.503	2622.766	10985.788	35491.908	137595.314
2037	6149.657	1213.952	5798.018	1657.404	2606.474	11028.687	35287.927	137127.167
2038	6164.478	1208.55	5803.536	1645.603	2590.178	11071.464	35080.155	136675.777
2039	6178.666	1203.224	5808.657	1634.066	2573.978	11114.443	34868.933	136244.744
2040	6192.283	1197.944	5813.529	1622.754	2557.9	11157.892	34654.579	135836.501
2041	6205.391	1192.713	5818.217	1611.695	2541.985	11201.901	34437.37	135452.781
2042	6218.025	1187.539	5822.791	1600.853	2526.271	11246.533	34217.572	135093.229
2043	6230.305	1182.371	5827.357	1590.207	2510.732	11291.859	33995.422	134755.179
2044	6242.385	1177.191	5832.073	1579.662	2495.365	11337.945	33771.128	134434.475
2045	6254.378	1171.949	5837.028	1569.178	2480.144	11384.781	33544.891	134127.418
2046	6266.36	1166.655	5842.305	1558.725	2465.098	11432.414	33316.869	133832.896
2047	6278.35	1161.291	5847.919	1548.305	2450.216	11480.747	33087.215	133549.865
2048	6290.362	1155.854	5853.826	1537.914	2435.527	11529.447	32856.085	133274.604
2049	6302.373	1150.337	5859.994	1527.554	2421.03	11578.083	32623.659	133002.701
2050	6314.402	1144.747	5866.35	1517.2	2406.723	11626.301	32390.037	132730.511
2051	6326.476	1139.057	5872.906	1506.886	2392.611	11673.975	32155.272	132456.243
2052	6338.616	1133.283	5879.682	1496.571	2378.697	11721.089	31919.359	132178.832
2053	6350.814	1127.422	5886.658	1486.265	2364.969	11767.487	31682.258	131896.341
2054	6363.059	1121.474	5893.822	1475.992	2351.41	11813.049	31443.923	131607.009
2055	6375.329	1115.451	5901.156	1465.736	2338.008	11857.677	31204.241	131309.575
2056	6387.63	1109.354	5908.636	1455.501	2324.761	11901.302	30963.269	131003.447
2057	6399.976	1103.177	5916.254	1445.308	2311.664	11943.914	30720.9	130688.619
2058	6412.389	1096.946	5924.009	1435.159	2298.706	11985.571	30476.717	130365.288
2059	6424.944	1090.654	5931.886	1425.074	2285.882	12026.368	30230.181	130034.067
2060	6437.647	1084.309	5939.874	1415.076	2273.154	12066.397	29980.897	129695.944
2061	6450.51	1077.928	5947.958	1405.16	2260.543	12105.658	29728.822	129351.438
2062	6463.515	1071.509	5956.108	1395.35	2248.045	12144.207	29474.122	129002.056
2063	6476.637	1065.082	5964.293	1385.658	2235.659	12182.207	29216.832	128650.889
2064	6489.848	1058.661	5972.455	1376.087	2223.398	12219.897	28957.027	128301.879
2065	6503.115	1052.261	5980.556	1366.653	2211.262	12257.434	28694.887	127958.458
2066	6516.418	1045.889	5988.586	1357.379	2199.26	12294.889	28430.597	127622.399
2067	6529.725	1039.568	5996.497	1348.255	2187.392	12332.238	28164.492	127295.139
2068	6543.013	1033.297	6004.264	1339.316	2175.677	12369.556	27897.039	126979.361
2069	6556.236	1027.095	6011.795	1330.564	2164.137	12406.865	27628.826	126677.912
2070	6569.355	1020.969	6019.077	1322.014	2152.771	12444.178	27360.434	126393.174
2071	6582.342	1014.935	6026.06	1313.68	2141.592	12481.527	27092.268	126126.522
2072	6595.147	1008.992	6032.751	1305.566	2130.611	12518.872	26824.801	125878.938
2073	6607.744	1003.157	6039.138	1297.67	2119.818	12556.066	26558.852	125651.78
2074	6620.07	997.439	6045.197	1289.998	2109.234	12592.922	26295.367	125446.273
2075	6632.079	991.838	6050.929	1282.562	2098.868	12629.266	26035.142	125263.18
2076	6643.753	986.37	6056.331	1275.343	2088.705	12665.087	25778.676	125102.735
2077	6655.056	981.04	6061.402	1268.36	2078.767	12700.376	25526.331	124964.616
2078	6665.953	975.843	6066.192	1261.606	2069.041	12735.043	25278.682	124848.126
2079	6676.385	970.786	6070.762	1255.085	2059.528	12768.994	25036.274	124752.153
2080	6686.353	965.871	6075.168	1248.794	2050.228	12802.156	24799.549	124675.359
2081	6695.817	961.105	6079.421	1242.72	2041.147	12834.529	24568.802	124616.844
2082	6704.801	956.476	6083.529	1236.858	2032.273	12866.162	24344.225	124575.121
2083	6713.279	951.982	6087.5	1231.202	2023.61	12897.159	24125.959	124547.354
2084	6721.238	947.647	6091.327	1225.747	2015.169	12927.68	23914.085	124530.13
2085	6728.684	943.45	6095.031	1220.456	2006.946	12957.86	23708.615	124520.369
2086	6735.63	939.392	6098.608	1215.332	1998.937	12987.702	23509.581	124516.311
2087	6742.093	935.462	6102.07	1210.364	1991.133	13017.276	23316.915	124516.371
2088	6748.196	931.661	6105.43	1205.52	1983.532	13046.796	23130.324	124517.734
2089	6754.064	927.96	6108.7	1200.764	1976.147	13076.577	22949.407	124517.397
2090	6759.801	924.38	6111.888	1196.089	1968.942	13106.791	22773.788	124512.823
2091	6765.474	920.873	6114.998	1191.459	1961.933	13137.506	22603.168	124502.231
2092	6771.085	917.439	6118.017	1186.858	1955.1	13168.668	22437.296	124484.472
2093	6776.645	914.077	6120.952	1182.282	1948.411	13200.113	22275.957	124458.82
2094	6782.125	910.758	6123.798	1177.709	1941.86	13231.667	22118.883	124424.817
2095	6787.536	907.471	6126.553	1173.129	1935.408	13263.151	21965.753	124381.965
2096	6792.894	904.194	6129.189	1168.512	1929.045	13294.431	21816.159	124329.745
2097	6798.233	900.908	6131.718	1163.855	1922.751	13325.373	21669.608	124267.507
2098	6803.62	897.589	6134.132	1159.122	1916.498	13355.895	21525.515	124194.491
2099	6809.146	894.218	6136.42	1154.293	1910.256	13385.966	21383.199	124109.848
2100	6814.919	890.759	6138.57	1149.325	1904.002	13415.547	21241.891	124012.605
