Year	Chla	Secchi	DIN	PO4
1850	0.074217383	7.215976429	2.805786929	0.050577661
1851	0.05878355	7.223824884	2.712907667	0.043384785
1852	0.070896408	7.217783504	2.762750643	0.050380505
1853	0.027576617	7.232697115	2.680324762	0.045583656
1854	0.067813317	7.219407593	2.726271024	0.051846581
1855	0.076947558	7.214449238	2.623693381	0.049459968
1856	0.068992175	7.218792958	2.543493571	0.042424441
1857	0.076597092	7.214647286	2.637438619	0.052020806
1858	0.037130275	7.231482003	2.566932643	0.051950495
1859	0.067732933	7.219449209	2.587399262	0.056814301
1860	0.035560117	7.231804563	2.652322738	0.056339882
1861	0.068205025	7.219204256	2.578808786	0.052867043
1862	0.101638717	7.199270181	2.460503643	0.053742204
1863	0.071895483	7.217245947	2.361391048	0.049389613
1864	0.083142267	7.210857467	2.455758429	0.052239516
1865	0.104016908	7.197702268	2.426010238	0.051079882
1866	0.069286292	7.218638368	2.356385786	0.052731645
1867	0.090438658	7.206426788	2.4709355	0.057793925
1868	0.086638183	7.208759768	2.441260214	0.052163559
1869	0.0771813	7.214316829	2.351891738	0.052850667
1870	0.0415044	7.230379296	2.384525214	0.052943774
1871	0.070494667	7.217998142	2.406879405	0.053058462
1872	0.033243583	7.232200491	2.401300548	0.054025419
1873	0.075732592	7.215133318	2.469487071	0.05793557
1874	0.0980168	7.201627125	2.4094205	0.058130151
1875	0.079630775	7.212914172	2.388158405	0.053972043
1876	0.068102183	7.219257728	2.387111381	0.047915473
1877	0.078862758	7.213356889	2.438653071	0.055108204
1878	0.045791842	7.229045318	2.455279286	0.060856269
1879	0.087886167	7.207999511	2.485802452	0.05979472
1880	0.047008325	7.228626769	2.40765131	0.058035914
1881	0.066764367	7.219947643	2.421835143	0.05291786
1882	0.051701767	7.226865212	2.433571595	0.053070237
1883	0.080193575	7.212588093	2.496282119	0.052062161
1884	0.092015933	7.205443442	2.491934571	0.056568129
1885	0.090054708	7.206664849	2.404413595	0.054321032
1886	0.080895792	7.212179303	2.412721095	0.051707344
1887	0.083436617	7.210682719	2.3875125	0.050772118
1888	0.0741776	7.215998412	2.446028762	0.051917312
1889	0.056544192	7.224831117	2.456695452	0.053972731
1890	0.027810358	7.232691807	2.525161357	0.060077613
1891	0.089985408	7.206707762	2.558041595	0.057584484
1892	0.065989933	7.220342109	2.472308238	0.058947624
1893	0.084700408	7.209928469	2.495442286	0.057180333
1894	0.044701417	7.229406048	2.443719262	0.053347624
1895	0.0672231	7.219712271	2.43717719	0.048966409
1896	0.072170233	7.217097185	2.448400595	0.050309828
1897	0.038271975	7.231222016	2.547335	0.053125387
1898	0.030642617	7.232518833	2.517148976	0.051956301
1899	0.082570017	7.21119618	2.537989143	0.053125387
1900	0.080973783	7.212133769	2.544257667	0.052755323
1901	0.080546492	7.212382912	2.556832524	0.051590559
1902	0.073076033	7.216603941	2.519261524	0.05165929
1903	0.080252842	7.212553674	2.578203262	0.051752108
1904	0.100131617	7.200255567	2.472372619	0.05286714
1905	0.059229567	7.223619885	2.419099167	0.052913269
1906	0.045989767	7.228978359	2.500618714	0.058400527
1907	0.0566118	7.224801315	2.515412595	0.056660301
1908	0.075976658	7.214996464	2.390356952	0.043137871
1909	0.094613983	7.203805386	2.527834857	0.054835419
1910	0.021460425	7.23224801	2.512516643	0.049223247
1911	0.079487917	7.21299672	2.585550357	0.055477462
1912	0.102667658	7.198593733	2.664072952	0.063910118
1913	0.079036825	7.21325678	2.419860405	0.043380796
1914	0.0920304	7.205434384	2.511325262	0.050916505
1915	0.0876596	7.208137965	2.528383762	0.051503839
1916	0.080856592	7.212202179	2.4959545	0.048408882
1917	0.078218642	7.213726142	2.587766238	0.053644581
1918	0.078242033	7.213712765	2.582103833	0.053159258
1919	0.065685142	7.22049635	2.631456262	0.050658075
1920	0.0285572	7.232665317	2.678732167	0.05371814
1921	0.030027492	7.232572691	2.681526405	0.049904602
1922	0.059472467	7.22350762	2.696908476	0.049557032
1923	0.105029808	7.197029792	2.843170786	0.058045161
1924	0.081002017	7.212117279	2.899208667	0.056846366
1925	0.0879893	7.207936423	2.943743381	0.05423857
1926	0.069388608	7.218584474	2.930767476	0.052989194
1927	0.083858075	7.210431899	2.919616667	0.05195328
1928	0.095993625	7.202926598	3.099337857	0.055798645
1929	0.086906983	7.208596512	3.059993476	0.056460097
1930	0.035130492	7.231885417	3.080910214	0.05652314
1931	0.053209858	7.226253743	3.15590081	0.05902371
1932	0.071997217	7.217190911	3.111543357	0.052223183
1933	0.069794375	7.218370164	3.232974786	0.051658226
1934	0.034645217	7.231972768	3.305984095	0.054587946
1935	0.102771083	7.198525576	3.417344024	0.057417677
1936	0.030674058	7.23251585	3.305995024	0.04902414
1937	0.032940775	7.232244718	3.440667952	0.056950935
1938	0.088774525	7.207454816	3.538548714	0.057442903
1939	0.045001075	7.229308311	3.523051286	0.055814699
1940	0.080527708	7.212393846	3.543827905	0.054748527
1941	0.103245625	7.198212474	3.538590214	0.056459892
1942	0.08848315	7.20763379	3.459491143	0.053307634
1943	0.054203217	7.225839831	3.404926286	0.053056086
1944	0.093556925	7.204474549	3.4194785	0.055943258
1945	0.088160217	7.207831786	3.516371833	0.062352097
1946	0.083813858	7.210458247	3.556722857	0.060109376
1947	0.041237467	7.230454521	3.579214881	0.062180591
1948	0.041172192	7.230472768	3.641645143	0.065809237
1949	0.077014233	7.214411494	3.601173238	0.066594215
1950	0.103568092	7.197999359	3.541068548	0.058165677
1951	0.068166117	7.219224494	3.660231952	0.065414022
1952	0.067171767	7.219738672	3.506991738	0.064504495
1953	0.071081383	7.217684382	3.464237429	0.064216054
1954	0.049420058	7.22774948	3.691203524	0.078823129
1955	0.125924342	7.182614266	3.660876952	0.071781366
1956	0.128631183	7.18068069	3.650061976	0.066515323
1957	0.137209625	7.174468819	3.644183167	0.071584591
1958	0.059872167	7.22332194	3.802855071	0.075097376
1959	0.061280217	7.222658643	3.945719381	0.078726957
1960	0.062984192	7.221837427	4.074314429	0.084357548
1961	0.104959808	7.197076354	4.051041857	0.077398269
1962	0.06977145	7.218382297	3.99960481	0.07748372
1963	0.128695933	7.180634275	4.028464929	0.073698441
1964	0.094273142	7.204021551	4.128146619	0.081968505
1965	0.095188917	7.203439909	4.370747119	0.087429903
1966	0.172965333	7.147476547	4.558566667	0.082517118
1967	0.059230092	7.223619643	4.687303643	0.090424333
1968	0.150359242	7.164727253	4.942584476	0.080016065
1969	0.1752933	7.145669814	5.007492381	0.080434688
1970	0.136733392	7.17481684	5.208655071	0.102371559
1971	0.166727517	7.152291906	5.114281976	0.08837457
1972	0.085127758	7.209671982	5.097761381	0.076506194
1973	0.094969175	7.203579721	5.318986	0.083587828
1974	0.097774308	7.201783538	5.563735976	0.09364157
1975	0.065231133	7.220725031	5.935721738	0.096694796
1976	0.11913055	7.187405682	5.818255524	0.099091075
1977	0.152240842	7.163313975	5.795285643	0.082383968
1978	0.177950383	7.143601568	5.580770214	0.101846839
1979	0.211035708	7.117385077	5.653798786	0.111305559
1980	0.175657942	7.14538636	5.538419786	0.099258892
1981	0.142097958	7.170876412	5.33012831	0.104740806
1982	0.1553937	7.160935907	5.537379524	0.112306785
1983	0.126024908	7.182542669	5.462439476	0.107851419
1984	0.104362008	7.197473461	5.670799667	0.121544581
1985	0.172803517	7.147601944	5.904113548	0.104119656
1986	0.114856583	7.190371327	5.787352238	0.114038774
1987	0.203792167	7.123189625	6.030595024	0.107207226
1988	0.219102625	7.110884884	6.068872476	0.121398387
1989	0.085795675	7.209269682	6.031105548	0.099950613
1990	0.058185808	7.224097269	6.207322024	0.115425054
1991	0.127601717	7.181417643	6.121150643	0.106667828
1992	0.10850595	7.194701524	6.181782571	0.108224548
1993	0.093354742	7.204602122	6.255756714	0.107924946
1994	0.104144192	7.197617915	6.027462643	0.102715194
1995	0.08825915	7.207771169	6.068934595	0.11577157
1996	0.110572233	7.193303145	5.982185667	0.10846557
1997	0.082334467	7.211335209	5.946906952	0.099820548
1998	0.079195433	7.213165444	5.781344643	0.101668763
1999	0.1030722	7.198326972	5.853746548	0.102382935
2000	0.073252725	7.21650723	5.812639548	0.10347671
2001	0.062061942	7.222284364	6.33080831	0.098916828
2002	0.07680785	7.214528256	6.36162731	0.097544043
2003	0.217288517	7.112349773	6.513693333	0.109072591
2004	0.070546992	7.217970236	6.32267769	0.116840828
2005	0.098250367	7.2014763	6.21694581	0.102218785
2006	0.049530017	7.227708042	6.103582905	0.093631183
2007	0.229252625	7.102657919	6.517883643	0.111072527
2008	0.210745325	7.11761838	6.470378595	0.088145
2009	0.179143825	7.14267055	6.382031286	0.103531022
2010	0.087655167	7.208140672	6.374303333	0.105022613
2011	0.205518075	7.121809507	6.345939786	0.103316473
2012	0.213044592	7.115769746	6.35031219	0.110547247
2013	0.1194655	7.187171622	6.20769919	0.105071312
2014	0.125502475	7.182914401	6.118013619	0.109367237
2015	0.167853	7.151425948	5.848140095	0.100397914
2016	0.057100342	7.224584877	6.06352531	0.125143452
2017	0.095039292	7.203535126	6.059757405	0.145595677
2018	0.060124458	7.223204138	5.677285667	0.116368172
2019	0.074800367	7.215653377	5.740364048	0.131821172
2020	0.257045017	7.079903211	5.765913952	0.125752226
2021	0.078311158	7.213673221	5.737108714	0.119864742
2022	0.082284475	7.211364686	5.688456857	0.114406247
2023	0.260829275	7.076783255	5.619160643	0.109471796
2024	0.0868602	7.208624946	5.275942714	0.091921871
2025	0.102057783	7.198995036	5.730168	0.127162903
2026	0.1982911	7.127575659	5.584688333	0.117094097
2027	0.299804225	7.044427345	5.783601024	0.133164925
2028	0.257827617	7.079258366	5.344185619	0.124955527
2029	0.235562192	7.097519312	5.113629071	0.11584643
2030	0.289013258	7.053420814	5.262613167	0.145790022
2031	0.193014442	7.131763345	4.920081357	0.126922333
2032	0.244973925	7.089822983	5.130990571	0.134535946
2033	0.3074582	7.038035323	5.047187167	0.136416731
2034	0.095608567	7.203172477	4.5705665	0.108587215
2035	0.123444242	7.184373883	4.787517881	0.116397946
2036	0.121090608	7.186032734	5.008894786	0.132564742
2037	0.2649297	7.073397628	4.892414167	0.117595667
2038	0.097379042	7.202038112	4.96659119	0.119287258
2039	0.089021917	7.207302616	5.152373667	0.13569643
2040	0.269621975	7.069517276	4.867381786	0.112174796
2041	0.2249954	7.106114735	4.854995048	0.109913269
2042	0.314741117	7.031944385	5.328021333	0.156257516
2043	0.198459625	7.127441592	4.498576452	0.101565796
2044	0.245549033	7.089351562	5.008824071	0.128732624
2045	0.123715725	7.184181841	4.963074143	0.128212237
2046	0.18557105	7.137635655	4.87521519	0.108687462
2047	0.161929483	7.155968654	5.368607405	0.133202527
2048	0.282254992	7.05904099	5.300494	0.133897086
2049	0.207979742	7.119837837	5.015488524	0.116735
2050	0.329761833	7.019358965	5.380877952	0.133311151
2051	0.159369	7.157920489	4.701449048	0.126455387
2052	0.178560317	7.143125909	4.429805262	0.112650011
2053	0.05968305	7.22340994	4.305447738	0.117485462
2054	0.337894842	7.012533644	4.980654881	0.155554172
2055	0.230287867	7.101816029	4.495768786	0.126878258
2056	0.244487133	7.090221911	4.520662595	0.131329796
2057	0.335132933	7.014852229	4.698761786	0.138397839
2058	0.294385933	7.048945944	4.414250857	0.140901817
2059	0.121590233	7.185681516	4.554663262	0.165282796
2060	0.047586408	7.228422117	4.638465	0.170895591
2061	0.160766492	7.156856103	4.321484405	0.158814215
2062	0.180851942	7.141335866	4.291306976	0.154377817
2063	0.090468467	7.206408284	4.356311952	0.155616785
2064	0.182195883	7.140283983	4.282660143	0.141003108
2065	0.235269067	7.097758426	4.177814167	0.136168484
2066	0.094765417	7.203709225	4.640312143	0.160947753
2067	0.338337767	7.012161746	4.783430048	0.163065194
2068	0.123536467	7.184308661	4.770643929	0.158328602
2069	0.269163825	7.069896424	4.48540481	0.139741258
2070	0.074554667	7.215789734	4.830489905	0.157580237
2071	0.206924725	7.120683307	4.910994024	0.143159054
2072	0.288509492	7.053840092	4.974223238	0.155253591
2073	0.247898117	7.087424714	4.583819238	0.120314882
2074	0.099878392	7.20042049	4.682041333	0.126932581
2075	0.167070692	7.152028002	4.938607786	0.136567226
2076	0.26027365	7.077241627	4.8833585	0.128009871
2077	0.235609967	7.097480337	5.083332095	0.134082774
2078	0.151136825	7.164143755	4.9809485	0.119841312
2079	0.1193122	7.187278775	5.229522929	0.137982882
2080	0.296583933	7.047113585	5.131132048	0.126420054
2081	0.159986867	7.157450169	5.287674524	0.145688849
2082	0.090315108	7.206503449	4.892046952	0.147998527
2083	0.259218167	7.078112099	4.539117024	0.118048957
2084	0.235388533	7.097660977	4.95250219	0.148826366
2085	0.173965342	7.146701063	5.167538524	0.16779586
2086	0.204160717	7.122895073	5.279646143	0.174813355
2087	0.174067367	7.146621892	4.669057119	0.148693839
2088	0.292355525	7.050637749	4.744820405	0.157911516
2089	0.235018058	7.097963154	4.857558095	0.162201118
2090	0.30322705	7.041570101	4.74101731	0.136174161
2091	0.109984642	7.193701866	4.548922071	0.140399806
2092	0.268866033	7.070142835	4.913392619	0.156126323
2093	0.278746067	7.061954879	4.605100143	0.128019839
2094	0.119339967	7.187259371	4.656556119	0.136079968
2095	0.086111725	7.209078717	4.6745315	0.149167226
2096	0.292544117	7.050480643	4.914093857	0.160836387
2097	0.224382433	7.106611739	4.823997524	0.142133215
2098	0.3226699	7.025304647	4.919937714	0.14314843
2099	0.30142105	7.043077939	4.840606095	0.145958075
2100	0.284539733	7.05714214	4.740784786	0.130916527
2101	0.120317283	7.186575359	4.936296143	0.139855957
2102	0.305523692	7.039651815	4.987086714	0.136366118
2103	0.074225142	7.215972141	4.98124331	0.132358183
2104	0.277189208	7.063246774	4.924951452	0.134404441
2105	0.323575408	7.02454583	4.824102524	0.147862301
2106	0.08734145	7.208332063	4.776203952	0.162991086
2107	0.35310135	6.999756039	4.655231976	0.17103771
2108	0.362086958	6.992197878	4.410682524	0.175031323
2109	0.317449942	7.029676913	3.869044119	0.127175398
2110	0.091645108	7.205675402	4.241217881	0.153603172
2111	0.130205483	7.179550059	4.368703143	0.143216065
2112	0.264791217	7.073512053	4.771090929	0.162238796
2113	0.1734796	7.147077862	4.82905069	0.16580643
2114	0.162330758	7.155662105	4.74376819	0.150986946
2115	0.309819767	7.03606116	4.926205405	0.153955978
2116	0.339766292	7.010962173	5.066315262	0.157416839
2117	0.272789242	7.066894591	5.191757262	0.151751839
2118	0.360186108	6.993797162	5.131642333	0.166705763
2119	0.30788695	7.037676973	5.033404714	0.149560129
2120	0.330454833	7.018777662	5.125733214	0.175463731
2121	0.27659695	7.063738077	4.894338476	0.151251258
2122	0.3086027	7.037078683	4.656503357	0.127307075
2123	0.084600425	7.209988373	4.619136286	0.122601484
2124	0.132820917	7.177662196	4.985679548	0.144945968
2125	0.129706967	7.179908557	4.791551095	0.123692591
2126	0.288025442	7.054242909	4.842881071	0.144016591
2127	0.336274692	7.013893829	4.925876	0.157105806
2128	0.370699583	6.984949344	5.014008286	0.159138118
2129	0.304692733	7.040345982	4.355285929	0.129100613
2130	0.088291	7.207751647	4.682365619	0.151137237
2131	0.114782442	7.19042242	4.940104571	0.162817118
2132	0.091541158	7.205740341	4.675100952	0.152444688
2133	0.230527908	7.10162075	4.809515	0.147611806
2134	0.127815625	7.181264672	5.004140833	0.166536333
2135	0.2921261	7.050828862	4.935384167	0.146911602
2136	0.3165099	7.030463909	4.903767762	0.143099323
2137	0.126862692	7.181945494	5.318975714	0.189043151
2138	0.337582408	7.012795965	4.953814857	0.166791763
2139	0.11720975	7.188743369	4.92965881	0.155023763
2140	0.222752308	7.107932567	5.05529119	0.160964118
2141	0.187979167	7.135740497	5.053994119	0.167190409
2142	0.169539767	7.150125728	4.563919024	0.121507613
2143	0.116581792	7.189178985	5.102486595	0.163467559
2144	0.213824917	7.115141671	5.146402786	0.168998989
2145	0.284081117	7.057523392	5.166338071	0.167261172
2146	0.339258617	7.011388504	5.32595131	0.183048946
2147	0.333101417	7.016557173	5.00995331	0.169999452
2148	0.211966242	7.116637129	4.470255595	0.144687495
2149	0.154006008	7.161984093	4.520456	0.156080355
2150	0.357299075	6.996225776	4.927690667	0.196211591
2151	0.435749358	6.930159744	4.524134714	0.184841591
2152	0.353132442	6.999729896	4.250184119	0.184153516
2153	0.268611467	7.070353459	4.03446631	0.167817226
2154	0.311436592	7.034709065	4.354730786	0.175379258
2155	0.106397783	7.196117262	4.079270619	0.161639398
2156	0.186008608	7.137291644	3.819406976	0.129237774
2157	0.268349667	7.070570049	4.136842167	0.155382667
2158	0.115175317	7.190151536	4.757360024	0.190809452
2159	0.347179642	7.004734091	4.600364048	0.162597559
2160	0.205550217	7.121783787	4.580485595	0.173273667
2161	0.429484825	6.935434778	4.925987048	0.190524602
2162	0.158558517	7.158536767	4.424946143	0.176485376
2163	0.2622823	7.075584108	4.06918919	0.140737882
2164	0.1196272	7.187058544	4.609164738	0.178357452
2165	0.144003767	7.169466262	4.772214024	0.186707387
2166	0.266140817	7.072396679	4.682791381	0.159391925
2167	0.25116385	7.084742635	4.778704857	0.163993763
2168	0.137983708	7.173902378	5.268646905	0.185644667
2169	0.242743375	7.091650185	4.799890095	0.159011849
2170	0.306925558	7.038480464	4.335515952	0.149468333
2171	0.366079583	6.988838055	4.431256048	0.167815989
2172	0.17383765	7.146800137	4.478023952	0.158398667
2173	0.347076975	7.004820374	4.857811833	0.213495731
2174	0.3979913	6.961964038	4.36900469	0.193282333
2175	0.391185842	6.967697058	3.8498855	0.175779505
2176	0.353429242	6.999480326	3.511224762	0.185028742
2177	0.373299967	6.982760173	3.5113885	0.174062559
2178	0.382302025	6.97517985	3.44388869	0.198391516
2179	0.18417455	7.138732555	3.713497262	0.202990269
2180	0.157987433	7.158970556	3.69963219	0.197920086
2181	0.184782675	7.138255089	3.314583762	0.169263226
2182	0.388769558	6.969732429	3.388901881	0.179815269
2183	0.311579042	7.03458992	3.33316431	0.172183419
2184	0.181099392	7.141142306	3.653570238	0.184856796
2185	0.11706975	7.188840561	3.574569024	0.145598301
2186	0.15037365	7.164716448	4.030749952	0.158908591
2187	0.382247075	6.975226128	4.502690095	0.170107011
2188	0.311132617	7.0349633	4.221445619	0.157820763
2189	0.179152808	7.142663537	4.525708833	0.155609129
2190	0.206570933	7.120966677	4.730682095	0.156752849
2191	0.219971208	7.110182889	4.987542119	0.161082613
2192	0.080978042	7.212131282	4.817829595	0.145975215
2193	0.2698423	7.069334922	5.378940262	0.173736054
2194	0.38692395	6.971287022	5.2906285	0.16882357
2195	0.072186042	7.217088613	4.945796714	0.156959172
2196	0.33200965	7.017473258	5.195275667	0.167215871
2197	0.29774115	7.046148503	4.851295857	0.159574806
2198	0.168899267	7.150619785	4.174448929	0.120218129
2199	0.112930242	7.191694802	4.468811381	0.155964075
2200	0.335444725	7.014590521	4.385286286	0.128506763
