Year	Chla	Secchi	DIN	PO4
1850	0.363933558	8.281781711	1.765424714	0.185777339
1851	0.290098317	8.37974062	1.658700405	0.165026634
1852	0.285388192	8.386070443	1.473477286	0.152663624
1853	0.3093699	8.353939461	1.463443762	0.165315376
1854	0.325066233	8.333044103	1.29527069	0.140873172
1855	0.362253325	8.283983396	1.443859643	0.170451806
1856	0.309686183	8.353517347	1.362352143	0.154530323
1857	0.361207875	8.285353959	1.508814	0.169349731
1858	0.28660275	8.38443735	1.385162595	0.14757043
1859	0.329365925	8.327339363	1.273868381	0.151695151
1860	0.387939533	8.250469817	1.363321238	0.152832817
1861	0.290986967	8.378547418	1.498768357	0.154742634
1862	0.310425325	8.352531052	1.278826976	0.146589935
1863	0.447933325	8.173407822	1.460826048	0.167848667
1864	0.371467542	8.27192578	1.341304071	0.152907871
1865	0.301629475	8.364283416	1.361632905	0.146789957
1866	0.353314908	8.295717842	1.460781333	0.159540226
1867	0.284172875	8.387705162	1.462541881	0.162348656
1868	0.337389033	8.316716761	1.389277357	0.166777935
1869	0.33429515	8.320809613	1.427969833	0.166041452
1870	0.340949117	8.312012566	1.448221214	0.156096774
1871	0.265556958	8.412819528	1.430771619	0.151730505
1872	0.245020592	8.440677769	1.370107286	0.145150785
1873	0.319102292	8.340970616	1.336703714	0.145799505
1874	0.339337367	8.314141572	1.433603595	0.156291226
1875	0.311386367	8.351249015	1.334688095	0.150164699
1876	0.309666117	8.353544127	1.46538469	0.167621914
1877	0.242994675	8.443434116	1.290739643	0.139045516
1878	0.348955658	8.301454117	1.3735745	0.148237129
1879	0.271291883	8.405068063	1.205821119	0.134297118
1880	0.302226808	8.363484247	1.331495786	0.142133806
1881	0.299577892	8.367029383	1.415136143	0.160216602
1882	0.386014183	8.25297114	1.343082762	0.154995419
1883	0.300206433	8.366187913	1.499659429	0.152436075
1884	0.292269892	8.376825398	1.545054667	0.158258344
1885	0.324514167	8.333777173	1.44665181	0.171177645
1886	0.366356783	8.278608766	1.457070238	0.17390914
1887	0.371781842	8.27151519	1.519284595	0.160269871
1888	0.280655433	8.392439865	1.45945231	0.162855441
1889	0.377187533	8.264460635	1.560742405	0.177936882
1890	0.375375642	8.26682367	1.467905905	0.16006429
1891	0.352082092	8.297339199	1.538913048	0.166764151
1892	0.327159583	8.330265654	1.436704571	0.160616849
1893	0.307858892	8.355956667	1.42332619	0.15635428
1894	0.357102783	8.290740558	1.705566548	0.178644656
1895	0.336380158	8.318050909	1.454333952	0.168064796
1896	0.359490892	8.28760599	1.552315167	0.174313957
1897	0.311795575	8.350703251	1.392405619	0.145886871
1898	0.383912025	8.255704158	1.437799452	0.158789226
1899	0.310928742	8.35185944	1.428361548	0.152295613
1900	0.343474542	8.308679046	1.371103762	0.164232258
1901	0.30813475	8.35558832	1.346381738	0.157006011
1902	0.336578492	8.317788594	1.398339214	0.167308333
1903	0.453104342	8.166845525	1.141829143	0.152500796
1904	0.366855242	8.27795643	1.327195548	0.157980118
1905	0.429505533	8.196896737	1.535564167	0.172952172
1906	0.454249483	8.165393992	1.415742548	0.169289591
1907	0.419560283	8.209640337	1.505429238	0.163057355
1908	0.314397767	8.347234405	1.334460167	0.146946312
1909	0.41583605	8.214424553	1.43780931	0.167602473
1910	0.378961567	8.262148466	1.402081595	0.157991065
1911	0.4274998	8.199463057	1.483089024	0.170931398
1912	0.392091817	8.245081318	1.440443762	0.166874624
1913	0.46523015	8.151506852	1.347033095	0.172483419
1914	0.403155783	8.230763153	1.74866169	0.194083333
1915	0.408591108	8.223750374	1.441688214	0.181442398
1916	0.423717992	8.204307043	1.335175	0.179139903
1917	0.432391342	8.193207716	1.438335143	0.175021075
1918	0.428588825	8.198069421	1.621638714	0.194237871
1919	0.418636225	8.210826785	1.339090857	0.161366968
1920	0.504860942	8.10185863	1.430185548	0.176389925
1921	0.519558492	8.083632813	1.397580881	0.166023194
1922	0.49519155	8.11390417	1.587166548	0.191568043
1923	0.501832333	8.105626787	1.620609333	0.202033602
1924	0.484511242	8.127259938	1.821927571	0.198732387
1925	0.420256667	8.20874648	1.733736357	0.178939946
1926	0.468521783	8.147355056	1.643389976	0.191883355
1927	0.51044105	8.094927133	1.699388595	0.190925301
1928	0.4301262	8.196102985	1.581864905	0.177235452
1929	0.460817933	8.157080087	1.615575786	0.174298656
1930	0.520430808	8.082554246	1.827697071	0.189996613
1931	0.563056375	8.030277424	1.920925762	0.211889366
1932	0.483936483	8.127980194	1.966638881	0.215600161
1933	0.511971017	8.093029174	1.816653857	0.199858753
1934	0.54382755	8.053756777	1.793439405	0.189764215
1935	0.589772458	7.997934174	2.004006095	0.207460731
1936	0.49502145	8.114116462	1.957840524	0.194104043
1937	0.546029458	8.051059568	1.767590429	0.197608441
1938	0.529019167	8.07195407	1.778684	0.192941075
1939	0.570157758	8.021648841	1.927862929	0.206183043
1940	0.401040908	8.233495592	1.850672881	0.203964366
1941	0.497698425	8.11077706	1.803357048	0.207629817
1942	0.486261708	8.125067305	1.66191981	0.205715204
1943	0.711180633	7.854902761	1.865955167	0.214901376
1944	0.60919635	7.974619918	1.802018429	0.201416473
1945	0.630091058	7.94972662	2.017328833	0.214397323
1946	0.625104317	7.955650243	1.98682931	0.220870054
1947	0.561084067	8.032677952	1.749808143	0.199572387
1948	0.66791165	7.905151775	1.763574833	0.204451634
1949	0.768588042	7.789427717	1.874960833	0.225840753
1950	0.638549508	7.939703871	2.121417548	0.227231344
1951	0.458244442	8.160335009	2.051687524	0.208358473
1952	0.650504808	7.925590565	2.079299071	0.235668376
1953	0.431695833	8.194096445	2.146419905	0.205236892
1954	0.61615295	7.966310708	1.909703952	0.214416613
1955	0.563057075	8.030276573	2.123568262	0.238875215
1956	0.46192055	8.155686468	2.441958643	0.254735903
1957	0.495075875	8.114048536	2.702795714	0.254228366
1958	0.473310542	8.14132404	2.358112095	0.233201183
1959	0.564489158	8.028534669	2.531947143	0.220985989
1960	0.583595717	8.005383342	2.146406381	0.220025602
1961	0.589069717	7.99878082	2.791893119	0.244422484
1962	0.596154883	7.990254891	2.785904333	0.257076796
1963	0.445142775	8.176954441	2.683207381	0.240511366
1964	0.509421908	8.096192007	2.736645381	0.247810323
1965	0.603729758	7.981164433	2.891032619	0.256485785
1966	0.42618135	8.201151043	3.030848714	0.245732957
1967	0.423899817	8.204073994	3.252583976	0.250651075
1968	0.490268683	8.120053587	3.833694762	0.285826882
1969	0.347988258	8.302728292	3.247588095	0.248996376
1970	0.528222683	8.072935694	3.205425976	0.290007419
1971	0.672286825	7.900034905	3.716680571	0.313358505
1972	0.83630435	7.713877048	3.589512595	0.33769272
1973	0.728017675	7.83556048	3.34415881	0.305196935
1974	0.841803142	7.707819556	3.487784238	0.334019634
1975	0.607154333	7.977063038	4.405755619	0.350885151
1976	0.957123008	7.583345541	3.774354143	0.355663151
1977	0.911834583	7.631656137	3.60181769	0.346239409
1978	0.892903317	7.652067595	3.226201071	0.326993495
1979	0.711831283	7.854153126	3.454593905	0.335458065
1980	1.108242975	7.427171205	3.846442619	0.344943441
1981	1.082941942	7.452800645	4.096703786	0.38381457
1982	0.727237292	7.836454404	4.762837333	0.382550839
1983	1.449013708	7.100102976	3.882150214	0.414522032
1984	1.548958542	7.009946083	4.182419881	0.470118312
1985	1.236671275	7.3000831	2.981313952	0.354441075
1986	1.581383883	6.981202989	3.946921714	0.431836591
1987	1.643473125	6.926830051	3.414443548	0.435674839
1988	1.4163338	7.130112224	3.725407929	0.429182925
1989	2.327869075	6.377514839	3.440548857	0.469195989
1990	2.126190967	6.530783323	2.953866167	0.42706371
1991	2.3006375	6.397836975	2.591115619	0.41256886
1992	2.593850933	6.184691284	2.920659619	0.476527527
1993	2.380222775	6.338758245	3.109596952	0.449299086
1994	1.493785067	7.059419225	3.30947431	0.401080151
1995	2.306355275	6.393560598	3.296141619	0.431473559
1996	1.620811383	6.946575615	3.207348452	0.392761129
1997	2.322572642	6.381458591	3.481016976	0.438579441
1998	2.559036258	6.209368658	3.162831	0.45141929
1999	1.730719025	6.851850879	3.7308715	0.423821355
2000	2.860178942	6.001069339	3.531761548	0.480546516
2001	1.628131108	6.940185385	3.053288833	0.358889183
2002	1.839805683	6.760325909	3.474273952	0.410527581
2003	1.983109742	6.643611253	3.071605381	0.427486935
2004	2.351290083	6.360126091	2.711223548	0.429860914
2005	2.903344442	5.972124915	3.391241071	0.489037462
2006	2.0538427	6.587389194	3.262237095	0.481708925
2007	2.393913142	6.32869048	3.750351405	0.479923753
2008	2.537268475	6.224881248	3.443793214	0.462394366
2009	2.298750125	6.399249659	2.560242262	0.44876114
2010	2.264466517	6.42500619	3.28956919	0.491038366
2011	1.896514083	6.713676541	2.818097905	0.408892903
2012	2.501528108	6.250491977	3.433177167	0.481299097
2013	2.484103417	6.263042283	2.919047786	0.430472505
2014	2.085855567	6.562231831	2.982559119	0.396681581
2015	2.067572617	6.576577864	3.031243905	0.403318774
2016	1.939056175	6.679081932	2.729175905	0.346546247
2017	2.413160167	6.314582723	3.128564119	0.456979161
2018	3.070008433	5.862364885	3.185636095	0.474000075
2019	2.842460483	6.013013926	3.465411857	0.476436484
2020	2.205880483	6.469446567	3.265094333	0.473240892
2021	2.415336583	6.312990832	3.279284381	0.461781914
2022	2.401398708	6.323197269	3.640177167	0.487988871
2023	2.76285835	6.067142038	3.369339238	0.444238634
2024	2.9331071	5.952293949	3.424461	0.449757462
2025	3.297735117	5.717219911	3.779708619	0.541194763
2026	2.845660475	6.010853948	3.90963869	0.554978925
2027	2.9650082	5.931150868	3.343311119	0.482531452
2028	2.176518808	6.49192522	3.321113143	0.41871571
2029	2.402196358	6.322612404	3.410088548	0.459604151
2030	3.524160675	5.578000319	3.543049405	0.472477538
2031	2.885709342	5.983923686	4.261313095	0.582718
2032	2.792829258	6.046672025	3.471263762	0.530581882
2033	2.386325958	6.334266624	3.21198631	0.406505688
2034	2.355555533	6.356968087	3.416548381	0.434813215
2035	2.665157133	6.134648761	3.52612731	0.472087774
2036	0.466891658	8.149410522	4.097736405	0.513090108
2037	3.955261683	5.325531205	4.352116333	0.807325108
2038	2.918249017	5.962181168	3.353303905	0.555698022
2039	2.882668075	5.985962117	3.890587643	0.542245462
2040	3.07651365	5.858143123	4.11620919	0.561812462
2041	3.759368842	5.438316757	4.121020024	0.625243129
2042	3.531553958	5.573535266	4.374982262	0.629974968
2043	3.204373433	5.776077768	4.698374952	0.594200194
2044	3.140971808	5.816556208	3.746594452	0.503354559
2045	3.3204752	5.703015804	3.709031643	0.516776667
2046	2.81091615	6.034371756	4.36081719	0.530233108
2047	3.654327308	5.500102927	4.259909524	0.570362473
2048	1.322007575	7.218267512	3.992111833	0.598967032
2049	4.139510667	5.222194473	3.871096357	0.826169011
2050	3.796120592	5.416918753	4.201545571	0.724740032
2051	3.805948942	5.411215342	4.140970714	0.660414839
2052	3.194947583	5.782069285	4.25603419	0.580585688
2053	3.602400142	5.530998279	3.946839714	0.565529634
2054	4.010461583	5.294300692	3.84691369	0.606420204
2055	3.271163058	5.73388247	3.626405762	0.548905129
2056	1.924168983	6.691149463	4.015439262	0.614557323
2057	0.436270975	8.188254483	5.751666167	0.797884398
2058	4.748674875	4.806218278	3.777126714	1.05414914
2059	4.203258267	5.187031412	4.02570181	0.750877151
2060	5.469903192	4.347990082	4.439108357	0.787351581
2061	3.622305517	5.519127155	4.43401169	0.70400929
2062	3.905931517	5.353642378	4.181603357	0.622932785
2063	3.335996183	5.69335012	4.288060238	0.558287602
2064	2.6900699	6.11732056	3.742509381	0.615121387
2065	3.496103158	5.594990537	4.264026524	0.773509785
2066	4.412483017	5.051027542	4.78452769	0.792639409
2067	3.088072283	5.850653063	4.799352405	0.669791301
2068	4.275306817	5.147642416	4.315203833	0.767732559
2069	3.431515908	5.634377432	4.132807524	0.717148613
2070	3.71242725	5.465812062	4.392532333	0.711260387
2071	3.84926955	5.386170677	4.666334762	0.683342882
2072	3.766271367	5.434289323	4.543494143	0.687817785
2073	3.524538675	5.577771912	4.498341405	0.631689677
2074	4.272695992	5.149063309	3.886027833	0.68585971
2075	3.674202875	5.488339615	4.585320429	0.694898796
2076	3.70134205	5.47233227	4.368757833	0.660696699
2077	4.007873567	5.295759654	3.911465452	0.641285226
2078	4.093056625	5.24800666	4.897232071	0.703197731
2079	4.468980192	5.008305524	5.170186476	0.735577226
2080	4.379814367	5.076037826	4.571561595	0.661158161
2081	4.488259825	4.993878237	4.642424214	0.64337786
2082	4.422043908	5.043750792	4.090172429	0.701292247
2083	3.769355742	5.43249096	5.240695357	0.799681774
2084	3.751212442	5.44308093	4.952530024	0.678844785
2085	4.429851242	5.037822947	5.113455048	0.69105943
2086	3.430856742	5.634781416	5.208962619	0.757896409
2087	3.9795434	5.311764199	4.968699857	0.705637957
2088	3.3918332	5.658771009	5.204948524	0.656255355
2089	3.812287325	5.407541383	5.705083571	0.726352097
2090	3.48485935	5.601819478	5.426645262	0.702519817
2091	4.146165158	5.218509978	4.472998167	0.65598671
2092	4.20982625	5.183425295	5.947990381	0.722295258
2093	4.167747733	5.206582384	5.978090976	0.686940011
2094	3.674634308	5.488084651	5.288450143	0.688955183
2095	4.31786985	5.12409193	4.998419476	0.794383978
2096	4.031117008	5.282674858	4.756693833	0.636568742
2097	3.2245255	5.763298714	4.924957048	0.65061643
2098	2.992503908	5.913019985	6.008594214	0.692392086
2099	4.437156092	5.032288205	4.202268952	0.721168516
2100	3.977441942	5.312953849	5.555178929	0.70711186
2101	4.479757858	5.000230991	4.777932976	0.732368108
2102	4.785041508	4.781035233	4.919625643	0.763964
2103	4.326530192	5.117323284	5.277568357	0.812447796
2104	4.122522133	5.231615587	4.902553738	0.706644688
2105	4.047980242	5.273207593	4.444194619	0.664631731
2106	5.167210067	4.530247728	4.561934	0.780194796
2107	3.9267312	5.341766104	5.303241667	0.723898226
2108	4.332522833	5.112649262	4.926793476	0.776517312
2109	3.6374408	5.510124093	5.233827667	0.761192624
2110	4.496212408	4.987949386	4.863705833	0.794836763
2111	3.782228858	5.424993763	4.947147333	0.691592086
2112	4.625393383	4.893419001	3.805283262	0.633081871
2113	4.246497033	5.163348324	4.261504024	0.780369677
2114	4.1441757	5.21961117	4.352072429	0.701895011
2115	3.904257292	5.354599826	5.554219214	0.812172968
2116	3.777404283	5.427801941	3.835207071	0.731691581
2117	3.76825225	5.433134266	4.565372762	0.703582387
2118	4.135865417	5.224214177	4.197917262	0.678974892
2119	4.181521517	5.198988104	4.344408881	0.673118559
2120	3.968008158	5.318298608	5.060745881	0.820779032
2121	3.715657225	5.463914189	4.486620071	0.701107269
2122	4.1769308	5.201517696	3.9059485	0.693200914
2123	3.753556217	5.441711355	4.629521071	0.681009301
2124	4.299374158	5.134566821	4.603255619	0.673303065
2125	4.150183217	5.216286814	4.555636357	0.630114258
2126	4.058179417	5.267492107	4.25927931	0.81367143
2127	4.49778525	4.986778323	4.383001833	0.692789269
2128	5.230762542	4.490848009	4.022212548	0.702269742
2129	4.322791025	5.120243675	4.846943548	0.787788022
2130	4.695541725	4.84344997	4.667609929	0.758321624
2131	3.811129583	5.408212206	4.864748952	0.745558011
2132	4.05406505	5.269796797	4.23879619	0.699047215
2133	3.998761433	5.300900607	5.38622569	0.736038409
2134	4.077794583	5.256522113	5.027015548	0.641912118
2135	4.444705067	5.026580225	5.060804476	0.677726699
2136	3.640845717	5.508101473	5.20282019	0.632654452
2137	4.113408133	5.236678625	4.851870595	0.63089414
2138	3.475667183	5.607411014	4.161407714	0.687796118
2139	4.826593975	4.752554275	4.605994143	0.732412333
2140	3.561188458	5.555687613	4.470054929	0.655989226
2141	4.591423258	4.91795736	5.251045024	0.852146161
2142	4.377113767	5.078115532	4.52170681	0.752790828
2143	4.250178625	5.161337989	4.439384905	0.731940581
2144	5.169105025	4.529063893	4.393969643	0.811114344
2145	3.762441958	5.436523186	4.256563524	0.710465989
2146	3.865583225	5.376778917	4.342957452	0.71013829
2147	4.188393242	5.195204487	4.856219619	0.801656312
2148	3.505266217	5.589433934	4.858938452	0.710874935
2149	4.632318425	4.888444172	4.686339619	0.854234688
2150	3.498920075	5.593281501	4.605967738	0.73022486
2151	4.0248593	5.28619354	5.600849857	0.766296796
2152	4.615547183	4.90050831	4.282494	0.712354452
2153	5.056221975	4.600576728	5.078654024	0.813149688
2154	1.9868191	6.640640709	4.75597681	0.807147538
2155	6.615151025	3.763928973	6.572149976	1.099948871
2156	4.519994383	4.970296156	5.156504238	0.820768194
2157	4.686122175	4.850105506	4.525141738	0.710528301
2158	4.770720442	4.790923437	4.49006281	0.728008323
2159	3.949562808	5.328768966	5.64752219	0.655991419
2160	3.891285475	5.362025656	5.25914031	0.840083247
2161	5.087340592	4.580659266	5.80292481	0.931796
2162	4.395250183	5.064192238	5.19953669	0.874890505
2163	4.570853175	4.932925986	4.846922929	0.796735731
2164	5.329989933	4.430556896	4.634965071	0.742455226
2165	4.9680743	4.657858103	5.544430905	0.95919829
2166	4.674708908	4.858192165	4.94708619	0.808242129
2167	4.047896942	5.273254306	4.919105714	0.814183785
2168	4.53391575	4.960015497	4.634432071	0.831751559
2169	4.714720092	4.82995064	4.333981643	0.792820763
2170	4.246468508	5.163363904	4.634556333	0.724892914
2171	3.803417508	5.412683577	5.2047245	0.730998548
2172	3.280351083	5.728112978	3.724636905	0.56027757
2173	4.062665775	5.264980503	4.567875405	0.695808914
2174	4.664502908	4.865444339	4.36713231	0.724626957
2175	3.300812317	5.715294819	4.187945381	0.734590505
2176	4.568380017	4.934731298	5.561865714	0.951035247
2177	3.924882675	5.342820194	4.752319119	0.75405229
2178	4.067331508	5.262370091	5.030564024	0.792536538
2179	4.557248267	4.942872066	4.56068869	0.731501301
2180	4.281763792	5.144130393	5.094736119	0.725187538
2181	4.470866575	5.006890534	4.67374231	0.661914161
2182	3.803247408	5.412782254	4.758791024	0.690953204
2183	4.323419567	5.119752552	4.605826262	0.797223946
2184	4.663635725	4.866061454	4.514364738	0.83464286
2185	3.790206117	5.420354776	4.250779619	0.665185559
2186	4.436496458	5.032787538	5.782777833	0.857058129
2187	3.815238467	5.40583192	5.087958667	0.701666355
2188	4.097123975	5.245740227	4.754951524	0.801236161
2189	3.85572285	5.382452948	3.972830571	0.727595667
2190	4.206369883	5.185322608	4.359848214	0.705873323
2191	4.585818358	4.92202773	5.309322857	0.821212441
2192	4.963749875	4.660701596	4.827800405	0.832116806
2193	4.74468925	4.808992953	4.534792714	0.71075386
2194	4.392703525	5.066143062	4.462611929	0.68084828
2195	4.784773408	4.781220005	4.293293119	0.774200398
2196	4.158217233	5.211845201	5.094633905	0.757130183
2197	4.10068505	5.243756917	4.879828167	0.784929903
2198	3.874777025	5.37149552	4.521022357	0.759936978
2199	4.691788033	4.8461002	5.065159048	0.757719914
2200	4.169274083	5.205740138	5.237284857	0.738755645
