Year	Chla	Secchi	DIN	PO4
1850	1.098714483	8.993432942	2.786704459	0.32234863
1851	1.032501805	9.109567382	2.629887673	0.309332257
1852	0.9819674	9.186651248	2.404259248	0.329951852
1853	1.068631907	9.045001846	2.250773353	0.308574264
1854	0.898927716	9.295824849	2.508843065	0.336036665
1855	0.978527797	9.173790173	2.094767874	0.291582103
1856	1.165124554	8.898176237	2.388499292	0.354546388
1857	1.175233577	8.880525788	2.29758596	0.296030126
1858	1.009757672	9.138382684	2.29535662	0.332156426
1859	1.175945898	8.887501354	2.337542228	0.321636206
1860	1.123712355	8.954926101	2.13576732	0.293940959
1861	1.096737293	8.996820899	2.405183761	0.304559285
1862	1.136299088	8.940397973	2.34822243	0.307519007
1863	1.158862048	8.902532908	2.684384412	0.337386749
1864	1.059025641	9.048487961	2.03758589	0.281480427
1865	1.021866937	9.104792583	2.32502701	0.295692394
1866	1.113556523	8.983780998	2.519525387	0.316168767
1867	0.895733686	9.295577275	2.541887647	0.302893245
1868	1.033621402	9.103313065	2.081797573	0.281682439
1869	1.110154099	8.968302823	2.10976045	0.288763336
1870	1.083790371	9.007894874	1.979259519	0.240507866
1871	0.905139934	9.299553404	2.273579005	0.303513837
1872	0.944243198	9.233466242	2.151028527	0.293544396
1873	0.992900328	9.156398733	2.432652618	0.303410469
1874	1.114279188	8.964252193	2.282113167	0.295304986
1875	0.970030362	9.208688649	2.132316125	0.259030847
1876	0.966243103	9.19721835	2.606106125	0.317775981
1877	0.927639064	9.260943628	2.355531087	0.298282704
1878	1.082095952	9.011091931	2.348689764	0.281428589
1879	0.965104161	9.198663932	2.113649905	0.28712097
1880	0.728096058	9.60707847	2.333099814	0.292740973
1881	1.080604515	9.019086085	1.982851979	0.290397238
1882	0.950798898	9.210219804	2.495051347	0.30253325
1883	0.912897471	9.295805712	2.607263728	0.321758051
1884	0.728517235	9.602743972	2.545689744	0.301901028
1885	0.947382192	9.223867987	1.732908416	0.266560721
1886	0.997648819	9.149526838	2.333755876	0.315468423
1887	1.117237484	8.967845015	2.46670309	0.326903613
1888	0.912664861	9.285733108	2.007369066	0.261438705
1889	0.959729524	9.196112448	2.520591005	0.310358356
1890	1.102598321	8.986356713	2.084083701	0.294986691
1891	1.044634726	9.074457856	2.211946787	0.271395638
1892	0.89421133	9.312827024	2.509035488	0.326386728
1893	0.974045945	9.173736342	2.291718068	0.307539618
1894	0.99452302	9.15213146	2.456384122	0.283809115
1895	0.961998335	9.202437077	2.072424931	0.287404907
1896	1.189114713	8.870039765	2.566003187	0.304363324
1897	0.922632718	9.274482286	2.26015062	0.281152847
1898	1.110619924	8.972030282	2.69449957	0.344008059
1899	0.969901301	9.178810457	2.38026927	0.307011707
1900	1.031512494	9.104275825	1.873790773	0.244625551
1901	0.868249941	9.37863589	2.375272185	0.30766169
1902	1.026743616	9.091286329	2.107436925	0.310674022
1903	1.116777362	8.95909629	2.164142844	0.326869098
1904	1.066258658	9.03885259	2.060689361	0.284224352
1905	1.165808979	8.894019978	2.240950362	0.332135885
1906	1.078815503	9.02053984	2.38692546	0.320467248
1907	1.121980277	8.955043337	2.28564659	0.312796368
1908	1.059257729	9.049700411	2.672677392	0.395124807
1909	1.153092099	8.909145909	2.193258375	0.33005459
1910	1.028266069	9.09910182	2.20464508	0.326992612
1911	1.202579398	8.84294383	2.262002888	0.324200204
1912	0.98897986	9.156145763	1.900387125	0.276618019
1913	1.197000788	8.870096056	1.943851792	0.307264129
1914	1.102280456	9.002381633	2.541754075	0.358289596
1915	1.165337693	8.899675719	2.169108797	0.315265412
1916	1.300807584	8.706335719	2.359643928	0.361879294
1917	1.221816955	8.82144036	2.235719801	0.304973075
1918	1.246719407	8.778693393	2.346876256	0.310606666
1919	1.420714751	8.561482123	2.021647732	0.294918393
1920	1.372382134	8.629390601	2.465479607	0.329375245
1921	1.579149813	8.361367206	2.521441101	0.355856449
1922	1.486136266	8.501737212	2.239039722	0.313166928
1923	1.303415325	8.701813533	2.288153199	0.339030425
1924	1.311367602	8.699015695	2.433032194	0.297625563
1925	1.300297797	8.723208353	2.683886972	0.361077678
1926	1.412970914	8.566270623	2.3610314	0.318597753
1927	1.42241685	8.565355511	2.562827927	0.341483959
1928	1.541234146	8.408133653	2.518417331	0.319273335
1929	1.428621689	8.555495478	2.667389783	0.351251313
1930	1.6593878	8.303251461	2.627823447	0.339969433
1931	1.724680059	8.191013777	2.553621951	0.324598817
1932	1.46753562	8.504327149	2.88208345	0.36452871
1933	1.437929951	8.599828349	2.819047402	0.370368257
1934	1.812376185	8.120224803	2.85361097	0.412293342
1935	1.924483835	7.979600063	2.67826296	0.349117923
1936	1.717274594	8.240762788	2.87647275	0.343929975
1937	1.683857336	8.264229	2.558989238	0.345354771
1938	1.695708581	8.240081297	3.203873472	0.427735014
1939	1.786540108	8.158629525	2.768880998	0.379815044
1940	1.58164602	8.358629072	2.972018982	0.408420139
1941	1.826255741	8.088409945	2.614257438	0.346605555
1942	1.668254215	8.269807023	2.62070838	0.363130616
1943	2.149169396	7.764412087	2.655138631	0.374724287
1944	1.811676009	8.126398123	3.06504631	0.437112935
1945	1.812254046	8.11635825	3.344038285	0.410405928
1946	1.90447861	8.01456964	3.139603108	0.427903502
1947	1.796752623	8.158730851	2.730396064	0.361262394
1948	2.11742958	7.780126503	2.778808935	0.378543633
1949	1.96286622	7.956971218	2.666213897	0.365946477
1950	2.126654656	7.777041688	3.207768652	0.408386961
1951	1.832367422	8.109812718	3.21279758	0.358785876
1952	2.103206248	7.801738964	3.90997184	0.509453279
1953	2.187018347	7.706760695	3.452261889	0.401440824
1954	2.204483825	7.713534657	3.348013487	0.413365466
1955	1.83743683	8.09000852	3.617940449	0.366766477
1956	2.037312387	7.865563145	3.199730791	0.397614278
1957	1.995315822	7.914278289	3.481760231	0.391054452
1958	2.127728035	7.801201639	3.428626235	0.369648616
1959	2.203169889	7.709074856	3.817058138	0.45392902
1960	2.343609854	7.633499461	3.818492608	0.487089246
1961	2.307387466	7.629121301	4.692744609	0.486999541
1962	2.125722623	7.77945093	4.279583597	0.433283499
1963	1.812650024	8.231798303	4.015907251	0.442051664
1964	2.195341798	7.746154959	4.15481664	0.41075277
1965	2.243204078	7.678120129	4.510662222	0.462273829
1966	2.128441742	7.806323548	3.941928973	0.407377337
1967	1.782700504	8.202824119	4.799090553	0.4897245
1968	2.016051252	7.916742193	5.252812692	0.474917146
1969	2.10290955	7.856055425	4.502221656	0.485885121
1970	2.284998923	7.647854644	4.589777985	0.431663072
1971	2.524089387	7.429863563	4.833904279	0.444084293
1972	2.170506842	7.806421052	4.512733431	0.439117375
1973	2.328977252	7.600103342	4.454446312	0.485454471
1974	2.942586275	7.098198603	5.328781225	0.510805935
1975	2.909097461	7.084258773	5.407558456	0.524417939
1976	2.438790782	7.529566619	5.227392538	0.54165674
1977	2.904806525	7.106182406	4.980691057	0.588776802
1978	3.206900138	6.848741428	4.574782994	0.476955071
1979	2.966824058	7.0728751	4.998038197	0.478257338
1980	2.758338696	7.235778727	5.670088221	0.511269703
1981	2.642213512	7.33808901	6.074449374	0.506877162
1982	2.662963961	7.30945986	5.622731601	0.500618241
1983	3.512712628	6.624391068	5.521287392	0.610810041
1984	4.054241868	6.264222858	4.976454116	0.476626631
1985	3.873076551	6.366552566	5.5585353	0.571307732
1986	3.224764136	6.835295153	4.978181763	0.504140431
1987	3.408380186	6.701150586	4.690921974	0.526628398
1988	3.535790399	6.598384597	5.875686816	0.625320334
1989	4.636706078	5.879324131	4.838230847	0.551971915
1990	4.636916616	5.867444465	4.602030711	0.58843325
1991	4.278649156	6.090276475	5.123216708	0.667308465
1992	4.271210071	6.101516895	4.36791227	0.524494794
1993	4.051497804	6.240576856	4.918209921	0.583582938
1994	3.259189421	6.79010388	6.530165764	0.656065198
1995	3.667147791	6.493775128	5.76315544	0.53692821
1996	3.705729697	6.517012953	3.657363406	0.503115095
1997	3.22290287	6.819737506	4.005648216	0.525649122
1998	3.833543243	6.388708963	4.929229015	0.546218439
1999	2.647388006	7.326499104	5.353488749	0.526961535
2000	3.984064322	6.283106721	5.097918173	0.623419395
2001	3.489023823	6.646673979	4.344737843	0.566538786
2002	3.543037312	6.591359985	4.524866907	0.491645207
2003	3.811946227	6.408819469	4.813475544	0.596838327
2004	4.14097636	6.177102835	4.209258289	0.55771298
2005	3.647437918	6.512023338	4.440436126	0.494500945
2006	3.296555321	6.771074937	4.111121614	0.543146111
2007	3.069701697	6.943672316	4.12141567	0.454466285
2008	2.877481127	7.083206545	5.180887811	0.620001831
2009	3.081818559	6.930032967	4.614798733	0.580870381
2010	3.340444692	6.741881661	4.075347317	0.468527624
2011	2.845914934	7.118521717	4.507648793	0.541458591
2012	3.008237948	6.996069816	5.022239579	0.575966873
2013	3.162254282	6.862882934	4.776455893	0.612861871
2014	3.100735325	6.91592659	4.777378713	0.536035464
2015	2.430879675	7.489884471	4.106812349	0.47559383
2016	2.589699824	7.376820314	4.800946385	0.526808542
2017	2.971136506	7.010824787	4.671177501	0.524815343
2018	3.389303126	6.695365275	4.487831459	0.442139059
2019	3.709195519	6.463138796	5.151496061	0.536006103
2020	3.026790711	6.965518284	4.699351128	0.482432688
2021	2.858561172	7.130642694	4.94423433	0.543253523
2022	3.746521163	6.438449937	5.375861476	0.655595641
2023	2.86784618	7.102006687	4.716494146	0.41190306
2024	3.660838267	6.502110652	5.432224172	0.590699982
2025	3.281621019	6.778450422	4.682963993	0.498841604
2026	2.902017457	7.064510892	5.44974297	0.587342645
2027	3.454959318	6.646376999	5.365487788	0.518375411
2028	2.515884567	7.406862752	4.981316374	0.533092022
2029	3.002827383	7.004556174	5.600950151	0.620628279
2030	3.097349315	6.921537996	5.352986134	0.585790631
2031	3.211834678	6.82167572	5.464092684	0.538294192
2032	3.798168377	6.403533948	4.746549117	0.526927881
2033	3.020708194	6.971351989	5.312354054	0.590403048
2034	2.939049977	7.055673684	5.657073492	0.636363505
2035	3.367104999	6.709701479	5.491125782	0.621737043
2036	2.130071011	7.79277608	5.964962453	0.601634044
2037	3.974661773	6.278996175	6.29378509	0.797679152
2038	3.696458619	6.472815132	5.976669093	0.585440574
2039	3.321542274	6.745038088	5.99940053	0.551191439
2040	3.06908401	6.938695993	4.941395602	0.524552381
2041	3.852998192	6.362493566	6.667732099	0.717127452
2042	3.322396394	6.743200677	5.683223776	0.579205017
2043	3.529672333	6.638676827	6.251973184	0.721321575
2044	3.892223122	6.339229836	5.301276727	0.687994926
2045	3.908953923	6.34822377	5.371213712	0.624593647
2046	3.897913203	6.372569928	5.428990025	0.609091804
2047	3.984007017	6.286174756	5.966651082	0.556304764
2048	3.535182997	6.583688751	5.176965259	0.643331929
2049	4.272623744	6.087228871	5.907822907	0.733913007
2050	3.32169151	6.745223312	5.461345633	0.62940711
2051	2.98949773	7.012328446	5.804105254	0.666424957
2052	3.108983442	6.901962974	5.729943483	0.603449797
2053	4.439140022	5.997516406	5.381118841	0.62334362
2054	4.434642369	5.988723196	5.338532201	0.641788592
2055	4.077624938	6.214291575	5.780108726	0.581978636
2056	3.522221034	6.595351502	5.479489078	0.614712433
2057	2.040541823	7.845237333	6.123701723	0.664330131
2058	4.889672221	5.71757565	5.302225904	0.88928283
2059	3.968369226	6.283257284	6.456147153	0.693302606
2060	5.511600673	5.378150939	5.755622053	0.736839776
2061	4.112614421	6.195205925	5.595553461	0.747945927
2062	4.860733696	5.735554727	5.956772085	0.679161577
2063	3.372737475	6.709980499	6.140710497	0.639464717
2064	3.52648323	6.591356867	5.259425728	0.684023716
2065	4.23923825	6.113015912	5.561755041	0.656471493
2066	5.138804787	5.578883131	5.498008002	0.671449058
2067	3.567305706	6.558185173	5.718905266	0.635167234
2068	3.73124258	6.44512205	6.039427065	0.706051799
2069	4.256060682	6.103765302	5.477670972	0.6725203
2070	4.382134147	6.02861919	5.805791028	0.695639498
2071	4.378070175	6.027437183	5.616043756	0.674705378
2072	4.477980084	5.960520629	5.420974698	0.614243631
2073	4.01646592	6.261534413	6.258036911	0.711506161
2074	5.385997534	5.447583202	5.755516692	0.735154563
2075	4.621823694	5.875124806	6.24229305	0.616600705
2076	3.809555683	6.395819504	5.790062093	0.676538077
2077	4.253169536	6.115570891	5.664355399	0.791704512
2078	4.502599737	5.947771694	5.477045094	0.731625191
2079	4.480798303	5.961376756	6.162970887	0.628246344
2080	4.536969367	5.924577999	6.684309529	0.77240294
2081	4.046282219	6.236373026	7.233046093	0.732008443
2082	4.335428537	6.054107299	5.284869681	0.613693428
2083	4.559761172	5.912035615	6.736371022	0.745043573
2084	3.47507613	6.627246938	6.011371028	0.659000369
2085	4.62924054	5.871321335	5.64185082	0.642609858
2086	3.593480109	6.539966094	5.868684412	0.686021502
2087	4.829285321	5.762221085	5.947616914	0.662366483
2088	3.694116932	6.482727651	6.377347507	0.776071237
2089	3.713047105	6.459293116	6.046408143	0.677224969
2090	4.39051776	6.028961352	5.96898605	0.675197103
2091	5.017406975	5.649630044	5.635354763	0.661167813
2092	4.264068423	6.106643901	5.572719028	0.671950948
2093	3.732409659	6.445228448	5.779865758	0.729822284
2094	4.287712374	6.081493739	5.665885529	0.650530254
2095	5.201069079	5.544827888	5.62849799	0.699825747
2096	5.091479577	5.606494879	6.069653542	0.792341322
2097	4.265276762	6.097182063	6.176096684	0.615315247
2098	3.869712051	6.352044664	6.490461939	0.769154578
2099	5.309847018	5.483417118	5.77812213	0.710891159
2100	3.537577708	6.582372442	6.619870776	0.727821316
2101	4.71836484	5.824421282	5.665379256	0.718628186
2102	4.364798183	6.031723126	6.446794713	0.802847419
2103	4.131848756	6.176861787	6.652841178	0.754510268
2104	4.616883267	5.877709525	5.590176435	0.702034755
2105	3.640984825	6.523125019	6.541493282	0.703080732
2106	5.230363009	5.527799301	5.811051478	0.713380976
2107	4.00362366	6.261032346	6.041346366	0.693715827
2108	3.99838779	6.26680495	6.350293762	0.666764158
2109	3.491370425	6.612667645	5.643177833	0.767757046
2110	5.205624239	5.544400275	6.079803445	0.75908527
2111	4.716673273	5.819853252	5.875159525	0.79886745
2112	5.316112218	5.482965587	5.514659786	0.638907669
2113	5.017531081	5.647421707	5.45718417	0.630633287
2114	4.797240396	5.778865072	5.346024895	0.757037676
2115	4.777941676	5.78113576	5.677173127	0.763455119
2116	4.160374017	6.161472008	5.752761962	0.763426622
2117	4.331993978	6.0639807	5.784765976	0.725749983
2118	4.455585656	5.97516715	5.805349992	0.667227824
2119	4.058311315	6.23720449	6.200095591	0.632834014
2120	4.973982819	5.670647132	5.702789396	0.702386438
2121	4.225411385	6.120804381	5.657570225	0.694079258
2122	4.191880915	6.139741631	5.971083232	0.712537999
2123	4.021775307	6.25331057	5.611375731	0.68035929
2124	4.965126585	5.674079832	6.330733129	0.735705535
2125	4.537460452	5.927158531	5.830298769	0.603700139
2126	3.578097739	6.563960253	6.536145811	0.836676897
2127	4.045169951	6.233771574	6.106396803	0.783200187
2128	5.639149037	5.308578857	5.83493564	0.649613711
2129	4.403380962	6.00859098	5.645526447	0.681899722
2130	4.922691698	5.701288761	5.852357163	0.671298741
2131	4.45823138	5.980485082	5.574662456	0.680364135
2132	4.109212949	6.193158409	5.354492659	0.704824605
2133	4.691342334	5.834250813	6.117972223	0.756546565
2134	4.24713138	6.105977697	6.099682454	0.714376752
2135	5.004547914	5.653908177	6.145580121	0.734051691
2136	4.179743869	6.149296613	5.931804749	0.684165434
2137	4.848929916	5.748151986	5.989447038	0.668875238
2138	3.764829624	6.420996238	5.753549883	0.658531991
2139	5.309711551	5.483116588	5.747082239	0.637738499
2140	4.04055936	6.237191076	6.021696217	0.750102821
2141	4.940625769	5.690151264	5.537916746	0.647832914
2142	4.536446309	5.928861673	5.841080831	0.727864777
2143	5.189784143	5.552065846	5.348342296	0.720333986
2144	4.511723865	5.940496011	5.470039468	0.609600095
2145	4.258472491	6.101797409	6.267723607	0.752277894
2146	3.850047256	6.373034862	5.522241138	0.712109926
2147	4.857062113	5.740372322	5.426258289	0.63102141
2148	4.091758629	6.21315917	5.764389993	0.681612867
2149	4.892458858	5.716214163	5.998002004	0.709671204
2150	4.4421389	5.9854322	5.452249142	0.669327917
2151	4.454534692	5.976118803	6.718383832	0.82545048
2152	4.591400183	5.891757285	5.521210719	0.647120562
2153	4.081885457	6.211649559	5.873200229	0.666611021
2154	4.933648887	5.691624239	5.973724454	0.748739222
2155	6.454215432	4.8112636	6.320622093	0.865801861
2156	5.37468103	5.449979918	6.916666617	0.802577063
2157	5.153045403	5.572549355	5.67982308	0.756139006
2158	5.043999358	5.631606449	6.028567383	0.684199766
2159	3.90162105	6.327383429	7.057338819	0.806589007
2160	4.115508972	6.189146211	6.16831966	0.68106342
2161	5.403721638	5.431432653	6.151916885	0.742922072
2162	5.007189182	5.653241956	5.874568929	0.69917064
2163	5.657907674	5.275986089	6.144571364	0.77001085
2164	5.324319615	5.477617724	5.809940616	0.764748362
2165	5.814141635	5.217585161	5.621886067	0.771526064
2166	4.877707996	5.726054342	6.390242558	0.824751667
2167	5.399183109	5.442279739	5.835229273	0.724521108
2168	5.017441051	5.645246458	6.160739705	0.965069683
2169	5.361276099	5.459551066	5.635984041	0.743788093
2170	4.928210294	5.698312088	5.700972278	0.650920826
2171	4.348559033	6.041105596	6.596691709	0.729970571
2172	3.706696852	6.478354512	5.739996433	0.676626923
2173	5.08106697	5.609859926	6.261445063	0.751591379
2174	4.085787403	6.209409416	6.50432433	0.70371937
2175	2.769721559	7.176842841	6.199689723	0.736820044
2176	4.856905853	5.739888127	7.326277948	0.786878967
2177	4.136790047	6.193713826	6.290098094	0.723451414
2178	4.867563126	5.733302086	5.992845645	0.832254492
2179	4.237741158	6.112010026	5.744185922	0.682537409
2180	4.316728067	6.063885357	6.490022443	0.75244455
2181	4.654418927	5.868675167	5.943160762	0.764046175
2182	3.594658032	6.562797587	6.08407404	0.789387035
2183	3.902672862	6.333303768	5.944460338	0.695045965
2184	5.989789578	5.120095131	5.201739629	0.783707876
2185	4.59767172	5.889116378	5.669420178	0.625337021
2186	4.713339761	5.829305636	6.224834242	0.721665613
2187	3.573255585	6.567574012	6.005202879	0.836168344
2188	3.934624884	6.313936671	5.716956934	0.686044788
2189	4.100877582	6.200991801	5.935358408	0.795600831
2190	4.153685321	6.166655004	5.841713359	0.69204999
2191	5.239906673	5.523821661	5.762021611	0.70276773
2192	4.744840439	5.808824046	5.362762922	0.688955977
2193	5.213778883	5.535577858	6.161847585	0.780988784
2194	4.083324112	6.209670166	5.988003259	0.672532659
2195	5.247047452	5.519830559	5.761332678	0.732856667
2196	4.798626853	5.775262795	6.065263219	0.683600012
2197	4.284187494	6.080378221	6.361321301	0.680831718
2198	4.27703092	6.086580218	6.192103547	0.74342825
2199	4.339563855	6.046526247	7.130404596	0.812644125
2200	4.359453035	6.03276171	6.326787882	0.765186024
