Year	Chla	Secchi	DIN	PO4
1850	0.975656208	6.953293425	3.399013571	0.380321613
1851	0.9937137	6.937102051	2.760002476	0.305954129
1852	0.867537067	7.051827533	3.019375667	0.311684226
1853	0.87167115	7.048008918	2.730807857	0.306961925
1854	0.642988558	7.265621301	2.804399167	0.298929871
1855	0.949103108	6.977238543	3.060710286	0.364432183
1856	0.770314183	7.142837073	2.772346714	0.311191151
1857	0.885052175	7.035677198	3.01923619	0.338868333
1858	0.72930025	7.181936499	2.97300131	0.326452419
1859	0.818420808	7.097513649	2.776876452	0.32855628
1860	0.775999758	7.137450356	2.397626167	0.273955355
1861	0.551896567	7.356024606	2.593112786	0.296047086
1862	1.061008433	6.877409451	3.058714548	0.361135806
1863	0.900642283	7.021363718	2.875337667	0.318914806
1864	0.68816825	7.221578021	2.724635667	0.289912161
1865	0.760511967	7.152143108	2.476161857	0.281171774
1866	0.935255475	6.989790992	2.88370381	0.334540495
1867	0.704768458	7.20552727	2.721761548	0.301650753
1868	0.507588608	7.400765956	2.405755405	0.275422075
1869	0.933060333	6.991784933	2.763517714	0.334810097
1870	0.897880433	7.023895182	2.535762262	0.298882516
1871	0.756030917	7.156405387	2.403592286	0.281533108
1872	0.773317242	7.139990858	2.778759952	0.299995075
1873	0.7250915	7.1859729	2.628380667	0.298883086
1874	0.879228467	7.041038938	3.153546667	0.367935054
1875	0.695285967	7.214687243	2.675505452	0.290556022
1876	0.8876427	7.03329478	2.652491286	0.310950688
1877	0.739483967	7.172188433	2.495841286	0.284352914
1878	0.89017985	7.030963006	2.544438976	0.328110011
1879	0.718868033	7.191949782	2.679249738	0.310265559
1880	0.893114133	7.028268165	2.760386	0.321105441
1881	0.903095725	7.019116458	3.056871595	0.349247204
1882	0.968862125	6.959404723	3.014087119	0.359507914
1883	0.629213025	7.279155159	2.437290976	0.266098505
1884	0.801125383	7.113742196	3.119797048	0.338801344
1885	0.872421958	7.047315846	2.923647071	0.336807452
1886	0.969722133	6.958630556	3.008181476	0.34619743
1887	0.809065133	7.106283024	2.804492619	0.311915161
1888	0.780360233	7.133324574	2.886439167	0.333421065
1889	0.77698845	7.136514461	3.041083238	0.346703903
1890	0.8534246	7.064894229	3.087243595	0.33747428
1891	0.9638874	6.96388624	2.886655024	0.331159
1892	1.063277367	6.875414368	2.99481881	0.332330634
1893	0.667567367	7.241595466	2.976706857	0.303247269
1894	0.86597385	7.053272537	3.140270643	0.355334892
1895	1.049369067	6.887661807	2.734590262	0.317312333
1896	0.822102983	7.094068151	2.736056952	0.326708097
1897	0.8057945	7.1093538	2.879337548	0.342509946
1898	1.005238267	6.926807275	2.994538619	0.359042323
1899	0.90301505	7.019190331	2.759324262	0.337089452
1900	0.967805942	6.960355716	3.126733214	0.342730161
1901	0.616758567	7.291433356	2.517214405	0.291220495
1902	0.765035425	7.147845622	2.939081976	0.35081272
1903	0.716330592	7.194389519	2.512122643	0.322460699
1904	0.967057992	6.96102933	2.666106905	0.304147645
1905	1.064595	6.874256286	3.280887	0.370927473
1906	1.073599625	6.866352204	2.89449619	0.340826742
1907	0.846164375	7.071635286	2.91206269	0.326273839
1908	0.813836742	7.10180774	2.583081262	0.286938108
1909	1.125466767	6.821166275	3.245795119	0.397762613
1910	0.740565817	7.17115441	3.194634786	0.343805591
1911	0.871199233	7.048444615	3.077082952	0.374271731
1912	0.857950917	7.060698066	2.94704119	0.370430452
1913	0.889831892	7.031282707	2.650618214	0.346351258
1914	1.059263158	6.878944848	3.365596952	0.396867903
1915	1.119004483	6.826764641	2.685346381	0.342852817
1916	1.096177658	6.846611293	2.594662881	0.339627086
1917	0.934986383	6.990035359	2.947759119	0.349410258
1918	1.097232442	6.845691751	2.922414262	0.368612312
1919	1.079427358	6.861246174	2.967931071	0.36458443
1920	0.856589708	7.061959464	3.120568619	0.376431774
1921	1.319245842	6.657281092	2.914855238	0.351701011
1922	1.283489433	6.686957372	3.332814024	0.430187258
1923	1.3410453	6.639309011	3.373810524	0.416927527
1924	0.722770125	7.188201144	3.3223895	0.353703667
1925	0.769640608	7.143475779	3.465627881	0.360279022
1926	1.084205908	6.857064912	3.436644857	0.405498452
1927	0.9442678	6.981616519	3.423721214	0.392495237
1928	1.382817392	6.605121599	3.485296571	0.395022591
1929	0.906654817	7.015859007	3.66376069	0.371272817
1930	0.942651908	6.98308079	3.5281335	0.363620032
1931	1.414406875	6.57948303	3.594125952	0.432886602
1932	1.045415817	6.89115077	3.685111548	0.431276871
1933	1.151521233	6.798684604	3.570569167	0.401789645
1934	1.112217108	6.832654223	3.684059095	0.393361731
1935	1.326698508	6.651126713	4.038992881	0.443540828
1936	0.974427942	6.954397469	3.911706405	0.409402839
1937	0.977657858	6.951494957	3.64855269	0.414937946
1938	1.431630667	6.565580715	3.223827429	0.409405892
1939	1.234461783	6.728055147	3.521025786	0.426441538
1940	1.409147483	6.583738942	3.692000286	0.456409828
1941	1.520328075	6.494825946	3.507094095	0.470981398
1942	1.483327767	6.52417286	3.500705167	0.506760484
1943	1.629534492	6.409568698	3.817659	0.502270409
1944	1.337600775	6.642142758	3.910989643	0.498070688
1945	1.008452725	6.923941196	4.119516071	0.489572656
1946	1.199543275	6.757618955	3.802105738	0.491156032
1947	1.547999717	6.473032673	3.740796548	0.469696495
1948	1.863307192	6.233472354	3.65220131	0.490956075
1949	1.648233825	6.395168257	3.205165524	0.478769914
1950	1.299624258	6.673535525	3.91824531	0.462126957
1951	1.319733508	6.656878054	3.948363952	0.459732118
1952	2.041520658	6.104618275	3.879555238	0.477470409
1953	1.016579958	6.916705177	3.890913429	0.426562763
1954	1.610929425	6.423953146	4.280343143	0.525679054
1955	1.353703108	6.628914943	4.212040262	0.492501559
1956	1.521157692	6.494170656	4.838353262	0.507768634
1957	1.923648533	6.189345741	4.885993881	0.54341371
1958	1.505975042	6.506181819	3.199594929	0.366541968
1959	1.0158288	6.917373341	4.81120319	0.480279935
1960	1.527698842	6.489008146	4.490187119	0.562345591
1961	1.748515183	6.318892111	4.939264	0.549485344
1962	2.159043192	6.021992056	4.323595286	0.567749118
1963	0.93182215	6.992910126	3.929913167	0.416533946
1964	2.24612745	5.961900684	5.492347881	0.60181686
1965	2.193754733	5.997926642	3.961645071	0.519556355
1966	1.760647583	6.309770307	4.60560581	0.578456538
1967	1.830166917	6.257931481	5.440299357	0.595039613
1968	1.401469883	6.589960753	3.728422976	0.497849946
1969	1.104662708	6.839220961	5.488556619	0.561745925
1970	2.453331708	5.822578576	6.412627048	0.824801333
1971	2.554638917	5.756232419	4.393266714	0.664085634
1972	2.335645783	5.901093672	4.761452619	0.725010118
1973	2.605285317	5.723479096	6.3304405	0.808630118
1974	1.992940775	6.139307017	6.452574952	0.74375614
1975	2.021724017	6.118715689	6.252337524	0.622310591
1976	2.5420136	5.764439847	4.498443476	0.658465086
1977	2.230080883	5.972902833	6.639744357	0.728148871
1978	2.428973575	5.838699834	5.4512415	0.686075355
1979	2.848764683	5.569684226	7.180634071	0.811337495
1980	1.978854208	6.149425637	5.401662714	0.726304925
1981	4.277199675	4.632911479	6.459187643	0.952934054
1982	1.483037033	6.524404403	5.519476667	0.717931344
1983	4.312719133	4.609250077	6.647811405	1.023254
1984	2.5747932	5.743165927	8.254910167	0.931985269
1985	2.508567833	5.786265351	5.762092786	0.690860882
1986	2.438083608	5.832662625	7.255962262	0.837145538
1987	2.706342392	5.658924028	8.970897571	1.041029914
1988	2.931247317	5.518894039	8.328233714	0.953124022
1989	3.616799958	5.116753532	4.636592452	1.106188645
1990	2.959261492	5.501788008	7.445522333	1.011577376
1991	3.146517383	5.389256477	5.083123452	0.800473742
1992	3.46512635	5.204587646	5.514453476	0.838645484
1993	2.901235167	5.537300675	6.11514519	0.844100785
1994	3.145720433	5.3897289	5.705300333	0.826167011
1995	4.05835815	4.783688559	4.157209286	0.871832387
1996	3.612581758	5.120139519	5.366762929	0.720745978
1997	3.233347833	5.33810671	5.223148738	0.847546226
1998	3.9729193	4.844997299	5.51674519	1.010245731
1999	3.29892885	5.299890481	5.470795714	0.948424839
2000	3.732610117	5.025372941	4.68968419	0.954442817
2001	3.158607608	5.382096185	4.979225833	0.800561237
2002	2.683494392	5.673427723	5.489597619	0.808145043
2003	2.881232142	5.549615408	4.225658119	0.931687903
2004	4.269988625	4.637742012	6.297967571	1.196693656
2005	2.967011833	5.497068214	7.204013762	1.047981097
2006	3.467074333	5.203483415	4.958108667	0.860998462
2007	3.316749567	5.289566412	4.843107262	0.926257312
2008	2.296510358	5.927559306	7.011101976	0.977131634
2009	3.490440217	5.190260899	6.364738238	1.175065473
2010	4.177859992	4.700269684	4.758182262	0.906315129
2011	2.982011842	5.487949097	4.226441976	0.779516806
2012	3.978247408	4.841132199	6.743104262	0.988026505
2013	4.985679358	4.198924466	4.876061429	0.970202699
2014	2.996198042	5.479343531	4.633015095	0.718320935
2015	3.402817367	5.240062715	4.326391476	0.72453628
2016	4.126894333	4.73552083	5.739304143	0.88024171
2017	4.267648758	4.639311401	7.087046048	1.150340774
2018	4.216149525	4.674098053	6.925551548	1.100914258
2019	3.990494842	4.832268975	6.766993357	0.97515072
2020	2.684258442	5.672941856	5.85793569	0.853513344
2021	4.006135175	4.82099328	5.153780262	0.906686075
2022	4.073802425	4.772756661	6.40508469	1.101155613
2023	4.079261608	4.768903359	6.711535119	1.035292645
2024	4.1632507	4.710325595	7.11771231	0.983696301
2025	4.299434008	4.618074348	5.600161476	1.100167462
2026	3.782115575	4.987218543	5.14145581	1.031208527
2027	2.048351783	6.099765936	5.643798095	1.026191097
2028	5.232302542	4.064590349	5.043668238	1.205722022
2029	3.412757658	5.234383063	7.528266714	1.078207871
2030	3.860824392	4.927637557	7.171547595	1.101125699
2031	4.183599233	4.696329884	8.105586214	1.176651699
2032	4.116291725	4.742914665	6.268032881	1.05494043
2033	3.469531392	5.202091026	5.335918119	0.806247871
2034	4.051782817	4.788356602	6.358698976	1.123104559
2035	4.236494675	4.66029902	6.208737048	1.120963441
2036	0.821573258	7.094563621	5.529631643	1.098562022
2037	4.2035427	4.682685817	7.18098469	1.49600586
2038	4.199181	4.685663671	7.31662731	1.236689763
2039	4.257312908	4.646255358	4.832591405	1.077118753
2040	4.123003325	4.73823183	7.569695619	1.237423398
2041	4.352375767	4.583089829	5.842236024	1.109091634
2042	3.762615325	5.002184046	5.992783405	0.886842183
2043	3.932796292	4.874284886	8.039753238	1.050784785
2044	3.837458392	4.945188738	5.853945595	0.980941731
2045	4.887511592	4.254622298	6.37510281	1.032756796
2046	4.489453967	4.494695933	6.556320071	0.950835699
2047	4.885675025	4.255676907	5.374334714	1.137339763
2048	1.666809842	6.380918726	5.772220262	1.172933075
2049	4.12043765	4.740020967	7.82815119	1.535223473
2050	5.296260142	4.030998073	8.408244619	1.373534452
2051	5.13031995	4.119197062	6.400616857	1.43355772
2052	4.523688517	4.473098684	6.973060762	1.272109817
2053	4.919785325	4.236165852	7.471493	1.508781774
2054	5.628056933	3.864374107	5.26500231	1.346220602
2055	4.951194267	4.218341063	7.179652	1.378735957
2056	1.193285683	6.762943135	6.317822167	1.206437978
2057	1.682618525	6.368835523	6.806757881	1.820186376
2058	5.680192292	3.839300464	5.839963262	2.009759226
2059	2.6465404	5.696998391	6.892602857	1.406406495
2060	5.5272231	3.913700341	8.627036071	1.557455452
2061	4.359292408	4.578554621	6.348572762	1.113971946
2062	4.919196625	4.236501229	8.031352881	1.04305443
2063	3.168206883	5.376420003	7.624326238	0.907773054
2064	2.536231483	5.768204392	8.007202571	1.105770559
2065	3.0628227	5.439169676	7.19944631	1.201147978
2066	4.439264083	4.526700705	7.555130429	1.129352355
2067	3.091426158	5.422042804	8.134505643	1.151857978
2068	4.9238917	4.233827805	8.604608524	1.410914978
2069	3.863772908	4.925430892	6.30952819	0.907556129
2070	4.309751833	4.611218375	8.272046119	1.209214742
2071	3.662235558	5.080541269	6.377733619	1.058419086
2072	3.596249942	5.130899842	9.043276071	1.25734886
2073	3.827430425	4.952756259	7.15774381	1.121007817
2074	5.404035467	3.975496446	7.001298452	1.209182376
2075	3.732168883	5.025715409	7.542403381	1.075940645
2076	4.594690683	4.428897211	7.500920738	1.232545118
2077	4.0056443	4.821346441	6.504590929	0.983465484
2078	3.711087042	5.04212831	7.65251931	1.161254753
2079	5.146087333	4.110669166	7.298000024	1.370916505
2080	5.49954895	3.927433744	5.336116762	1.19396614
2081	4.864931633	4.267620939	5.78912431	1.206435817
2082	4.599435167	4.425971625	7.450655667	1.310251269
2083	4.830223067	4.287740916	5.722536667	1.277712935
2084	3.504450133	5.18235278	6.298889738	1.166630742
2085	5.1910943	4.086499162	10.05567614	1.364426505
2086	3.73221695	5.0256781	8.298484762	1.360152194
2087	5.173014175	4.096178179	5.514114905	1.279222419
2088	4.554743025	4.453668794	7.747696548	1.235676731
2089	2.686349575	5.671612386	7.722561333	1.46132786
2090	5.429465008	3.962598567	9.348756024	1.65138157
2091	5.778291225	3.792894623	7.369976571	1.352732376
2092	5.619375242	3.86857761	6.542392643	1.089380914
2093	5.130225217	4.119248395	8.559582905	1.100277419
2094	4.106235175	4.749947108	9.63151381	1.241616774
2095	5.438317967	3.958125771	6.787497714	1.209370957
2096	4.641668617	4.400081701	6.974579786	1.108637226
2097	3.922355617	4.881959011	6.348182286	1.063190785
2098	4.688881692	4.371459825	6.401282905	1.242825462
2099	5.301801517	4.028110853	7.504233048	1.433968935
2100	5.867798708	3.751411379	4.650927595	1.225776237
2101	5.4401319	3.957210421	9.173286048	1.476463946
2102	3.090480633	5.42260781	6.40601669	1.411864054
2103	4.599815908	4.425737	10.03669886	1.56058057
2104	4.458925333	4.514114401	7.438478548	1.249066
2105	5.354462517	4.000855448	5.840055429	1.159900226
2106	5.758994908	3.801944126	8.645160405	1.302408624
2107	3.823050292	4.956068339	6.742130405	1.017027484
2108	4.657661808	4.39034855	9.520506429	1.481147505
2109	3.1903529	5.363354577	8.85897381	1.175360591
2110	5.592180242	3.881797481	8.79345081	1.411232043
2111	4.084248	4.765388712	7.418600381	1.02733629
2112	4.64120475	4.400364581	7.571751762	1.373835978
2113	5.174389617	4.095440415	5.768818595	1.391396129
2114	5.101406275	4.134917466	8.25700631	1.360350312
2115	5.939766583	3.718634756	8.800202238	1.672621387
2116	4.963814042	4.211216992	8.736011024	1.408878172
2117	5.728141475	3.816493247	5.877079762	1.209177204
2118	5.527337375	3.913643808	4.567066833	1.179027054
2119	5.951284792	3.713435899	4.910152429	1.365237667
2120	6.142431808	3.628996483	5.830705929	1.707355699
2121	4.271744692	4.63656482	6.81431831	1.100551333
2122	4.479945225	4.500728018	9.098995	1.296463161
2123	2.978018808	5.490374625	9.097517881	1.259928032
2124	4.973008367	4.206040178	10.24890024	1.585440634
2125	6.038139158	3.674642834	7.325770286	1.31204372
2126	5.400511025	3.977289931	5.730567024	1.141626591
2127	5.078092717	4.147671221	6.208313595	1.370571656
2128	5.446615592	3.95394168	5.210939595	1.373200699
2129	4.163818983	4.709933703	10.2267855	1.448830559
2130	4.511835183	4.480555284	8.722767048	1.326334194
2131	4.421580683	4.538075083	7.212015429	1.182282161
2132	5.3855872	3.984900185	7.366101738	1.330937968
2133	5.937401692	3.719703764	7.44376281	1.138037763
2134	5.478144	3.938114805	7.3297335	1.412829204
2135	5.458884317	3.94776953	4.978026881	1.219810785
2136	6.776197867	3.371806929	4.401895881	1.486130215
2137	5.871337617	3.749787721	4.976947643	1.583573935
2138	5.2281936	4.066765513	6.275718976	1.639842538
2139	5.878249883	3.746619938	9.385969619	1.716120398
2140	2.363027975	5.882683294	5.129129357	1.743375161
2141	7.239668742	3.203243695	8.507616357	2.092522753
2142	4.617164067	4.41507018	5.708262905	1.230097183
2143	4.980524792	4.201816543	4.572455976	1.288284882
2144	5.164894292	4.100538385	5.34867431	1.646279065
2145	6.214208758	3.598158461	8.162550357	1.536522269
2146	4.865294758	4.267411335	9.219704524	1.443750409
2147	5.333223175	4.011808575	8.150829119	1.499771269
2148	3.403312325	5.239779724	11.53524319	1.285174269
2149	4.91754585	4.237441915	8.943023952	1.469765
2150	4.581032633	4.437338622	6.865110333	1.141191194
2151	5.189027375	4.087603605	6.807942667	1.352357022
2152	4.4061339	4.548053115	8.162593262	1.337535849
2153	5.035847483	4.170961344	7.357201381	1.552835473
2154	0.860511225	7.058326711	6.140537667	1.431252688
2155	6.995961933	3.289988879	7.052786643	2.094345075
2156	4.452483642	4.518231138	7.938969976	1.317648978
2157	4.965169942	4.210452844	6.821345452	1.428345849
2158	5.8791684	3.746199352	4.926458119	1.372447624
2159	5.151852883	4.107558687	6.440940381	1.464341312
2160	5.733464567	3.813976085	7.54849381	1.734857763
2161	7.268773575	3.193151724	9.869471905	1.744668409
2162	5.493349692	3.930521878	6.618195286	1.327476688
2163	4.517456008	4.47701659	10.0137989	1.284243914
2164	5.876376158	3.74747817	9.233677	1.373057871
2165	5.288484892	4.035055422	8.7652605	1.429845538
2166	4.135246558	4.729711052	9.069135	1.280193656
2167	4.752266517	4.333556367	8.557306095	1.413171914
2168	3.318385992	5.288619669	6.773298976	1.267532828
2169	4.78280985	4.315501747	7.72898831	1.369708462
2170	4.768369667	4.324020704	9.881137952	1.403046075
2171	4.700823342	4.364273422	7.125885619	1.06641372
2172	3.678263283	5.067879272	5.361164738	0.804750817
2173	5.094899367	4.138470043	6.546469357	1.265046419
2174	4.675147692	4.379751176	6.658651048	1.335480839
2175	2.665337383	5.68499147	8.592364952	1.290286054
2176	5.047391417	4.164573936	7.953981762	1.592605806
2177	3.910873867	4.890423844	8.345182167	1.181905333
2178	4.865595642	4.267237673	8.864470738	1.445503742
2179	3.583470742	5.138024908	6.929209976	1.220722505
2180	5.622402333	3.867111033	8.718495167	1.447572581
2181	5.721745283	3.819521743	6.532584238	1.209413011
2182	5.564767892	3.895204263	8.923721214	1.267245086
2183	4.608489725	4.420397963	8.918186881	1.385855151
2184	5.539267242	3.907749969	9.45406019	1.544230398
2185	4.8753012	4.261642656	6.570478	1.141056151
2186	5.468680817	3.942853379	11.19754962	1.439301731
2187	4.117379525	4.742155111	8.93976319	1.260207688
2188	5.995268125	3.693701116	7.466726286	1.506141903
2189	5.170997008	4.097260584	6.793948905	1.225678011
2190	5.0947953	4.138526904	6.482891619	1.289364065
2191	5.686430167	3.836319756	9.6228735	1.519996742
2192	4.998177508	4.191926871	7.313466238	1.253930054
2193	5.857686683	3.756057649	6.96876431	1.439087269
2194	5.651535983	3.853046453	8.003766881	1.382338333
2195	6.091296692	3.651251387	7.871102571	1.602252796
2196	5.832685658	3.767588878	10.4549601	1.488299022
2197	5.14340295	4.112118808	9.924907143	1.281771237
2198	4.333802025	4.595308825	9.523345357	1.222967763
2199	5.155072825	4.105823374	7.54259581	1.172950538
2200	4.347279183	4.586436834	9.940366786	1.190040774
