Year	Chla	Secchi	DIN	PO4
1850	0.411745658	5.142976623	1.895129679	0.226389952
1851	0.387800467	5.143881444	1.94521631	0.222755634
1852	0.430679142	5.141857686	2.050359238	0.223707387
1853	0.324894383	5.143162923	1.601356738	0.201115301
1854	0.411120558	5.143007653	1.842926929	0.226359763
1855	0.288845725	5.140367985	1.5562765	0.211486075
1856	0.486317708	5.136721402	2.026297262	0.25050571
1857	0.373798658	5.144128055	1.77179769	0.203708656
1858	0.369892425	5.144157718	1.910231357	0.214665183
1859	0.3169005	5.142708311	1.553604714	0.201878183
1860	0.284850475	5.139934444	1.6956755	0.214295989
1861	0.33264805	5.14351961	2.144156071	0.246000366
1862	0.367426442	5.144167426	1.732017833	0.213471075
1863	0.4198299	5.142540847	1.803278571	0.219335333
1864	0.3444931	5.143910426	1.807936119	0.211233376
1865	0.376589092	5.144096263	1.505608976	0.197213957
1866	0.38462585	5.143956238	1.825915214	0.214805172
1867	0.335494075	5.14363026	1.701670143	0.201531366
1868	0.346824917	5.143966077	1.542567143	0.198980183
1869	0.390399158	5.143812145	1.810850095	0.21717786
1870	0.399208308	5.1435241	1.783785571	0.208643527
1871	0.309477233	5.14220447	1.999896119	0.226478118
1872	0.372226633	5.144142086	1.960797833	0.232363032
1873	0.34558265	5.143937285	1.727073595	0.209732409
1874	0.325582367	5.143197885	1.704586476	0.202865075
1875	0.351807692	5.144062135	1.522290381	0.195971699
1876	0.331709233	5.143480745	1.600103571	0.21156743
1877	0.316299317	5.14267047	1.856936571	0.223177161
1878	0.396833733	5.143609736	1.562601024	0.197771688
1879	0.250234017	5.135010994	1.71666	0.197969194
1880	0.351474083	5.144056667	1.951832071	0.217414161
1881	0.365984617	5.144169836	1.872907548	0.220987097
1882	0.383712933	5.143975721	1.647625667	0.20493257
1883	0.33727575	5.143694084	1.853298595	0.215083237
1884	0.327725475	5.143302629	2.055671381	0.226937677
1885	0.365246233	5.144170131	1.72797019	0.222503108
1886	0.484347442	5.136946842	1.916960952	0.233211495
1887	0.405244642	5.143280319	1.902892452	0.217211806
1888	0.290407425	5.140530371	1.711392095	0.20483728
1889	0.263192942	5.137110085	1.949203643	0.220725731
1890	0.485752458	5.136786387	1.919810786	0.240069817
1891	0.419115142	5.142581931	1.355196024	0.192710806
1892	0.39860695	5.143546339	1.85468969	0.224483892
1893	0.353916267	5.144093522	1.983039643	0.223794957
1894	0.402857175	5.143381183	1.933846357	0.216594215
1895	0.323987592	5.143115844	1.754751238	0.213005892
1896	0.375639425	5.144108067	1.99616369	0.237767753
1897	0.396323142	5.143627385	1.87428819	0.229254032
1898	0.342683483	5.143862478	1.773698667	0.218194086
1899	0.33967465	5.143773459	1.925757905	0.235272968
1900	0.344014942	5.143898162	1.89532331	0.227937409
1901	0.379703333	5.144050479	1.710492048	0.223501677
1902	0.412651517	5.142930971	1.976628286	0.240483527
1903	0.495643517	5.135613798	1.485416286	0.203925656
1904	0.435416683	5.141524951	1.880080643	0.210423258
1905	0.4533347	5.140084172	2.122566333	0.224109484
1906	0.42896525	5.141972958	1.747960905	0.205824247
1907	0.439828142	5.141196721	1.922147143	0.216781935
1908	0.417524567	5.142671589	1.928128476	0.220556022
1909	0.47932745	5.137507503	1.961993524	0.229966258
1910	0.387522625	5.143888425	2.003561095	0.229262516
1911	0.4680382	5.138694954	1.829034381	0.230454882
1912	0.435782958	5.14149837	1.823983786	0.226316118
1913	0.5308639	5.130854051	1.524605357	0.217205247
1914	0.495146458	5.135674503	2.141703905	0.236139226
1915	0.436078125	5.141476861	1.557014738	0.210313946
1916	0.623253283	5.109662895	1.602988405	0.229882656
1917	0.399729867	5.143504509	1.896047524	0.221539
1918	0.5239983	5.131850835	1.883156429	0.244663452
1919	0.537008267	5.129934776	1.944248524	0.246753151
1920	0.486801933	5.136665536	2.125413619	0.255709742
1921	0.59463635	5.117726349	1.81877781	0.237201957
1922	0.457815925	5.139680066	1.846742286	0.226159065
1923	0.537833567	5.129809369	1.814377429	0.238521753
1924	0.410204783	5.143052414	2.501399929	0.263404796
1925	0.518169167	5.132671499	2.262958429	0.270817032
1926	0.4584013	5.139626016	1.96348081	0.252350548
1927	0.489223817	5.136383395	1.999644738	0.264954935
1928	0.638438617	5.105132207	1.753262524	0.241194806
1929	0.56979055	5.124190515	2.204680881	0.247141043
1930	0.510122142	5.133764942	2.345117429	0.251537645
1931	0.584292858	5.120480299	2.148152214	0.265560677
1932	0.4860142	5.136756327	1.918888524	0.240797763
1933	0.624514625	5.109293028	2.556939667	0.273171925
1934	0.502619775	5.134742273	2.358962643	0.256922559
1935	0.695226408	5.086777868	2.686892738	0.289122011
1936	0.46977	5.138519494	2.581528643	0.26089471
1937	0.423792075	5.14230424	2.318034881	0.267277312
1938	0.645640742	5.10292517	2.128877619	0.28865414
1939	0.621509292	5.110172331	2.372783667	0.283457828
1940	0.582253117	5.121012919	2.331070786	0.291375215
1941	0.603177575	5.115386772	2.163170381	0.292602591
1942	0.666650717	5.096281192	2.201427762	0.302386559
1943	0.723247875	5.076971726	2.549837786	0.318280473
1944	0.550191658	5.127877777	2.736784333	0.304289677
1945	0.598701833	5.116620035	2.351237786	0.288121194
1946	0.634066183	5.106454017	2.474189595	0.299605097
1947	0.635761642	5.105943108	1.879441214	0.264182183
1948	0.689885058	5.088593492	2.358131095	0.299595398
1949	0.6040531	5.115143667	2.175516143	0.269360376
1950	0.683308092	5.090804696	2.674025976	0.308295796
1951	0.2856301	5.140021106	2.867882571	0.29100729
1952	0.581957833	5.121089735	3.050590095	0.292880925
1953	0.199176717	5.122192759	3.634525262	0.292909065
1954	0.377776467	5.144080083	3.320364929	0.269951935
1955	0.263558108	5.137164632	3.19650731	0.283116194
1956	0.252277258	5.135363493	3.557856286	0.310569247
1957	0.261845383	5.136906655	4.447867167	0.291387344
1958	0.299153925	5.141367936	5.062759286	0.293583538
1959	0.331696167	5.143480196	7.016910262	0.330432312
1960	0.255013967	5.13582281	5.056783643	0.27061128
1961	0.335480308	5.143629751	6.77300969	0.37374914
1962	0.376617967	5.144095889	4.879090619	0.303169667
1963	0.39639985	5.14362475	8.832618929	0.348246634
1964	0.408052108	5.143154349	7.873478143	0.370389785
1965	0.386584858	5.143911371	5.956544762	0.34426729
1966	0.535836117	5.130112106	6.786344214	0.415118226
1967	0.30096045	5.141526013	8.356155119	0.365549946
1968	0.295490183	5.141031791	8.966186524	0.406347935
1969	0.3539025	5.144093335	10.84913769	0.418220011
1970	0.529615858	5.131037651	9.938938262	0.423313344
1971	0.4098472	5.143069666	11.26862962	0.445258054
1972	0.372846717	5.144136887	11.1321651	0.448872344
1973	0.500630375	5.134994499	9.075936048	0.403685785
1974	0.450276808	5.140350032	7.085839976	0.397401462
1975	0.458165167	5.139647854	7.924727548	0.474148097
1976	0.628889217	5.108001095	7.494470524	0.472782495
1977	0.663542308	5.097283027	6.01036219	0.495789591
1978	0.545266575	5.128659558	7.306478857	0.521051323
1979	0.580736333	5.12140672	11.35372798	0.511948387
1980	0.524328408	5.131803651	9.637997286	0.539719419
1981	0.706087608	5.083032212	12.55803702	0.615196
1982	0.669800017	5.095259642	12.25306933	0.639017312
1983	0.852198258	5.026556439	10.05951364	0.632510419
1984	0.558498558	5.126523895	8.907166333	0.59804443
1985	0.58732765	5.119681428	7.029343643	0.652328462
1986	0.875421167	5.016689498	11.36565162	0.689891419
1987	1.106325675	4.909196012	13.19335371	0.765334828
1988	0.734603975	5.07286845	10.55169017	0.693787914
1989	0.874990608	5.01687434	6.428433833	0.56297457
1990	0.952229717	4.982658682	9.256776714	0.687151462
1991	0.807434833	5.044947753	6.776721524	0.431692194
1992	1.85098235	4.512618531	4.163198119	0.576830516
1993	2.040003875	4.410259813	4.852571548	0.642259548
1994	1.506186033	4.700163903	6.357418881	0.806026344
1995	3.119771375	3.86272878	3.42550981	0.799075161
1996	1.939360967	4.464632287	2.643445714	0.652063344
1997	2.084284475	4.386454441	4.426088738	0.899565097
1998	2.979651792	3.929269731	4.126908262	0.847830323
1999	1.872258675	4.501050297	7.699277548	0.882062333
2000	2.561766608	4.136174069	3.649208595	0.65290957
2001	2.157864508	4.347083538	4.217556095	0.688038097
2002	1.640915092	4.627048849	4.217767476	0.70197943
2003	2.783458825	4.02486119	6.112540357	0.959342516
2004	2.056738192	4.401254151	7.422346119	0.924780688
2005	1.90913975	4.481020283	6.553650452	0.754037892
2006	1.696271617	4.596895335	4.883960381	0.686585312
2007	1.877860017	4.498006269	5.545512738	0.899901946
2008	1.979148967	4.443096534	6.733879833	0.843965688
2009	1.4643587	4.72272054	4.688169048	0.67315329
2010	1.851362567	4.512411727	7.047805071	0.839379613
2011	1.704095867	4.59263128	4.312575643	0.70650586
2012	1.411519608	4.751070409	7.199795143	0.843555215
2013	1.714975442	4.586701729	6.48404519	0.764113323
2014	1.472412492	4.718384424	6.662848905	0.718276763
2015	1.593239258	4.652980875	6.094231238	0.742904183
2016	1.262597467	4.829723692	6.496785405	0.760687667
2017	1.433232325	4.739442775	6.780306833	0.774005204
2018	2.016590975	4.422877516	7.818162762	0.854786871
2019	1.071007525	4.926543425	4.754808452	0.620745538
2020	1.708103717	4.59044698	7.912851786	0.859547269
2021	1.882522425	4.495473009	3.806284786	0.674757957
2022	1.81597045	4.531671997	6.407777595	0.780677989
2023	1.898078525	4.487024304	5.77822469	0.737304312
2024	1.505599142	4.700481001	6.517784714	0.793850667
2025	1.455183042	4.727656154	6.258179976	0.802593806
2026	1.969703342	4.448204671	5.940395095	0.850383892
2027	2.337391	4.252157703	7.593911833	0.818392226
2028	1.978192883	4.443613447	5.0366895	0.753855204
2029	1.498003733	4.704583358	6.967520262	0.796645462
2030	2.965339475	3.936148111	6.694538833	0.850006946
2031	1.720545925	4.583665602	4.921421667	0.634049452
2032	2.83245095	4.000729053	5.383142333	0.772184086
2033	2.123939125	4.365205864	4.747954429	0.735486763
2034	1.645153475	4.624741438	5.033532857	0.714031742
2035	2.360413533	4.240113752	6.458371929	0.832832118
2036	1.295523717	4.81252918	4.824438167	0.699703849
2037	3.016494075	3.911633075	7.495467024	1.03199871
2038	2.8899465	3.972629444	6.801281714	0.973754839
2039	2.2154832	4.316431927	4.907003214	0.831381581
2040	2.707849025	4.062440527	7.16930269	1.014074473
2041	2.863198217	3.98567221	5.665257262	0.825929473
2042	2.287211675	4.278514572	4.802446905	0.783459344
2043	2.519731958	4.157657998	7.957065762	1.116788613
2044	2.902414375	3.966567766	5.320785524	1.014801817
2045	3.913827575	3.513038161	4.189898929	1.024496441
2046	2.625645458	4.103751956	5.798130976	0.934442097
2047	2.855313708	3.989526703	8.59445069	1.069773484
2048	3.415659392	3.727007153	4.453358452	0.803014269
2049	3.050941367	3.895233613	5.912440714	1.030027183
2050	3.843016683	3.542362145	8.291075119	1.168643903
2051	3.377326633	3.744223394	4.672363643	1.049643731
2052	3.741752175	3.584917696	6.451276262	1.108374226
2053	3.238107483	3.807667742	8.643507786	1.165952355
2054	2.517146158	4.158983402	5.52652831	0.893373011
2055	3.752762533	3.580255085	8.020399048	1.065432978
2056	3.8395448	3.543809053	4.822792071	0.849687387
2057	1.20866935	4.857584053	5.696763143	0.910043656
2058	3.787662492	3.565533353	6.361905262	1.335488935
2059	4.498001142	3.284266242	4.676521524	1.11889371
2060	3.257311983	3.798830274	7.392000905	1.135984559
2061	4.567963808	3.258380644	4.914085762	1.235347763
2062	3.847716075	3.540405039	7.836616286	1.085796591
2063	2.1675367	4.341926768	9.733826548	1.13533857
2064	3.574445933	3.656847174	8.08503931	1.037154688
2065	3.134947783	3.855609077	5.071887214	0.918466591
2066	3.226806158	3.812881178	6.098155214	0.984276968
2067	3.169029208	3.839682869	5.826608214	1.168086409
2068	4.09463005	3.439759094	7.52423069	1.179867742
2069	3.387295217	3.739735769	5.429604667	1.027611183
2070	3.990865025	3.481536728	5.06159369	1.064943624
2071	3.701815542	3.601903154	4.941350429	0.998028602
2072	3.489922917	3.693962638	7.641562762	1.240244828
2073	3.951319575	3.497655329	5.8965245	1.203503892
2074	4.016494942	3.47114831	6.685387095	1.128892419
2075	4.076026092	3.447194662	6.14052881	1.253954957
2076	3.6721118	3.614611189	5.12353419	1.015979215
2077	3.434969475	3.718375689	5.303351667	1.014822559
2078	3.159536625	3.844110063	5.846265405	1.025572409
2079	3.814812167	3.55414121	5.701283	1.224154065
2080	4.93538955	3.127439599	5.796784738	1.313425817
2081	3.627967058	3.633615703	6.020995286	0.985751032
2082	2.379828208	4.229981632	5.701936	0.982400247
2083	3.952602033	3.497130887	4.912438143	1.15051029
2084	4.546042025	3.266457945	5.399568357	1.086821118
2085	3.791901983	3.563750968	5.375488524	0.963187538
2086	2.744242258	4.044301905	4.953743048	1.007353151
2087	4.430669717	3.309475034	4.61873481	1.176363129
2088	4.22296525	3.389110153	6.038928833	1.16795329
2089	4.141234883	3.421236394	6.124035833	1.032807849
2090	3.657171117	3.621027372	6.330274476	1.014531054
2091	3.794081317	3.562835225	7.65520831	1.061832602
2092	4.845892508	3.15857623	6.195040571	1.13518714
2093	3.472860242	3.701518877	9.667581262	1.231150204
2094	3.752558483	3.580341415	5.768230262	1.030060839
2095	4.542731025	3.267680573	5.322341429	1.15200743
2096	3.473591508	3.701194594	9.806004833	1.358848602
2097	4.211178125	3.393715514	4.866772905	1.165206301
2098	3.66829085	3.616250531	6.874187929	1.269165817
2099	2.972465825	3.932721362	6.02721631	1.164092183
2100	4.298587767	3.359785201	4.871868905	1.263820183
2101	4.21105685	3.393762947	8.805799905	1.30017414
2102	5.035771008	3.093079815	6.394375357	1.226849903
2103	4.720488558	3.203018269	4.607831381	1.023218914
2104	3.530112658	3.676249233	7.065219405	1.105944452
2105	4.281637325	3.366325041	5.292625286	1.049202484
2106	5.065550758	3.082999437	6.307701	1.077627688
2107	3.57145005	3.658153758	5.693379714	1.044025151
2108	2.986157825	3.926147971	9.27563981	1.159930409
2109	2.959334292	3.939038639	5.435868024	1.001196215
2110	5.111674925	3.067487403	7.797897738	1.31670386
2111	3.64365995	3.626843615	5.650398238	1.069783806
2112	3.045852833	3.897650605	9.61102669	1.313183505
2113	4.004077467	3.476175702	7.931006929	1.492643129
2114	3.868231442	3.531879584	5.162779071	1.20339414
2115	4.025820225	3.467379877	6.102370643	1.172537247
2116	3.333678483	3.763959571	8.243870881	1.278703215
2117	4.152453258	3.416799893	7.176053381	1.402288183
2118	4.399072067	3.321406491	6.012761429	1.302039032
2119	4.333102958	3.346527474	5.560804286	1.098661
2120	3.18160395	3.833828526	6.017778357	1.069818882
2121	3.8628569	3.534110165	5.620449	1.194408043
2122	4.191904967	3.401265938	4.629414643	1.031296785
2123	4.337893467	3.344693609	4.916330381	1.065446817
2124	3.899698075	3.518861109	5.417575214	1.116153247
2125	3.925493542	3.508241068	10.10479698	1.31392786
2126	3.527755175	3.677285002	5.39325631	1.098980591
2127	3.473726258	3.701134843	7.025220738	1.190980065
2128	3.45050685	3.711450612	4.781526857	1.116784699
2129	4.144228608	3.420051635	4.450715	1.18474286
2130	3.512734692	3.683893897	6.49042531	1.125329667
2131	4.40716885	3.318342896	5.967367619	1.213252516
2132	3.904219083	3.516996412	6.364133214	1.163755376
2133	4.381328233	3.328135242	5.462253071	1.156427226
2134	4.909312975	3.136462515	6.301843024	1.283987161
2135	3.902861083	3.51755637	5.856962595	1.198037505
2136	4.041355967	3.461115131	11.2401065	1.411412183
2137	3.412799775	3.728287725	5.789580429	1.074946301
2138	3.752349125	3.580429995	9.817648833	1.392311
2139	3.618167875	3.637853522	4.787074595	1.079464118
2140	5.208665525	3.035263955	4.390649357	1.291925387
2141	3.939221708	3.502608249	5.924957619	1.045086914
2142	3.52847775	3.676967493	7.624043048	1.255331484
2143	4.105077433	3.43559394	4.967019595	1.083776226
2144	4.730140625	3.199563512	4.68490469	1.335253505
2145	4.684833825	3.215830018	5.412615833	1.274925032
2146	3.749788117	3.581513816	7.738559452	1.143537301
2147	4.729860625	3.199663652	7.439181214	1.297202849
2148	3.822652283	3.550861252	8.257939405	1.239945559
2149	4.097975758	3.438424415	7.582722524	1.305384301
2150	4.978575233	3.112585065	5.375605095	1.22485543
2151	4.0034393	3.476434362	6.089760214	1.186658602
2152	4.001936167	3.477043721	4.591032667	1.046125957
2153	3.846732983	3.540814327	6.521078095	1.214047237
2154	4.176129417	3.407464834	5.299821595	1.14007514
2155	6.042418375	2.77899133	8.009406619	1.476144892
2156	3.732948567	3.588652081	8.659138976	1.225689387
2157	4.089438208	3.441831759	5.743706476	1.314810247
2158	3.6545712	3.622145545	8.594718905	1.175744839
2159	3.572612108	3.657646875	8.015855095	1.310060226
2160	5.323054917	2.997937355	8.452913381	1.293774441
2161	3.627668742	3.633744612	6.529261714	1.352258591
2162	3.710560758	3.598173883	6.5884435	1.32356029
2163	3.980445	3.485773295	7.683773119	1.342213559
2164	3.38165695	3.742273081	6.607975595	1.19442314
2165	4.555840392	3.262843865	8.149025452	1.345383903
2166	4.337811217	3.344725082	7.047034381	1.198390075
2167	3.752112992	3.580529907	8.700283095	1.29722871
2168	4.722591883	3.202264938	6.007625738	1.208114613
2169	4.086357392	3.443062545	3.914125214	1.012561441
2170	4.019008	3.470132165	6.449886143	1.11488128
2171	4.198796642	3.398563185	5.6251255	0.971623215
2172	3.403527925	3.732443939	4.514674333	0.948526699
2173	3.995438183	3.479679766	5.673508976	1.189834645
2174	4.843627775	3.159370368	5.208573286	1.09065929
2175	4.722227592	3.202395394	7.684991	1.10388157
2176	4.053110425	3.456386277	5.068118667	0.998086355
2177	3.661250483	3.619273906	5.002575024	1.022915527
2178	4.370820358	3.332129722	7.011280619	1.28970814
2179	4.588344425	3.250898536	5.17526081	1.321828688
2180	4.210109575	3.394133472	6.652646857	1.25209743
2181	4.432665592	3.308723561	9.00098919	1.326196097
2182	3.512479483	3.68400633	8.561003143	1.243032
2183	3.178112117	3.835453017	6.765602	1.221472398
2184	4.598643	3.247127722	4.439820667	1.231545495
2185	3.926390358	3.50787269	5.20650119	1.219526602
2186	4.078461392	3.446219976	5.566362833	1.252823849
2187	3.1844533	3.832503606	8.995961048	1.339027591
2188	3.730532225	3.58967804	5.993266262	1.25188171
2189	4.516698375	3.277317812	4.693771595	1.075209043
2190	3.664798667	3.617749745	6.831798548	1.145781505
2191	3.920839533	3.510153667	12.17810117	1.529371269
2192	4.8449338	3.158912368	7.677938048	1.339296419
2193	4.0150397	3.471736931	8.401964548	1.28051657
2194	3.846497025	3.540912573	10.99849317	1.398926667
2195	3.436426467	3.717725544	6.366619214	1.126397032
2196	4.741392017	3.195543546	6.604000881	1.185372204
2197	2.860831633	3.986828686	5.236321452	0.879401194
2198	3.461571108	3.706530092	8.069064048	1.193178634
2199	4.8076308	3.172034417	5.689882833	1.376124613
2200	4.163256242	3.412535759	5.601326167	1.225664398
