Year	Chla	Secchi	DIN	PO4
1850	0.384060658	8.373510609	2.124231143	0.246677581
1851	0.330270208	8.446499603	2.00888869	0.220218935
1852	0.282899458	8.51198046	1.904428429	0.212606774
1853	0.353576942	8.414692521	1.884258524	0.220064022
1854	0.34053075	8.432462893	1.689520429	0.19372572
1855	0.331908208	8.444255208	1.966067	0.234863505
1856	0.246541692	8.562950934	1.689627048	0.207409516
1857	0.407776658	8.341803554	1.918127881	0.232494978
1858	0.262906117	8.539937136	1.895024762	0.213763441
1859	0.321555967	8.458462537	1.598077929	0.204753688
1860	0.289653058	8.502578593	1.793424619	0.214904194
1861	0.269393425	8.530846086	2.01954869	0.228246312
1862	0.261347392	8.542124248	1.647503214	0.203461441
1863	0.40579665	8.344439577	1.887530833	0.234541613
1864	0.382844408	8.375144519	1.87833369	0.233575602
1865	0.343838483	8.427949186	1.715983333	0.203251892
1866	0.312226658	8.471311782	1.974400357	0.231373613
1867	0.22829765	8.588737473	1.680628524	0.208360634
1868	0.314593533	8.468047807	1.698696024	0.213794419
1869	0.350095375	8.419426312	1.797581405	0.22074972
1870	0.379764817	8.379285064	1.74056581	0.209526108
1871	0.2845556	8.509672917	1.851562929	0.206718022
1872	0.257668192	8.5472909	1.766513476	0.202210817
1873	0.280827633	8.514868988	1.694784143	0.200790194
1874	0.355134558	8.41257668	1.945584238	0.233723968
1875	0.312527658	8.470896542	1.668390762	0.206404065
1876	0.310666067	8.473465384	1.714747095	0.21256228
1877	0.260228208	8.543695278	1.631583595	0.192108022
1878	0.364772333	8.399512549	1.758795286	0.215983398
1879	0.279300408	8.516999514	1.521629452	0.188278645
1880	0.29060605	8.501253641	1.700625167	0.201991011
1881	0.290139325	8.501902479	1.804578619	0.218745172
1882	0.3555153	8.412059676	1.72681819	0.22301643
1883	0.297130458	8.492194338	1.812357786	0.210726892
1884	0.304440908	8.482067936	1.936814714	0.221242108
1885	0.337737808	8.436278442	1.874786143	0.230956871
1886	0.415848067	8.331078944	1.821286024	0.231344151
1887	0.340029608	8.433147231	1.909526548	0.220795237
1888	0.279279058	8.517029306	1.77997769	0.219419344
1889	0.3741626	8.386829868	1.888218476	0.235587
1890	0.37587375	8.384523652	1.968276905	0.230758054
1891	0.331898	8.444269191	1.991939952	0.230203656
1892	0.36113	8.404444174	1.916502595	0.231625785
1893	0.295389558	8.494609628	1.881509476	0.221087892
1894	0.360188267	8.405720366	2.059080976	0.240598591
1895	0.307919558	8.477258448	1.846308095	0.22386257
1896	0.29366715	8.497000694	1.761122762	0.216478796
1897	0.283787175	8.510743423	1.6708395	0.202161032
1898	0.343363533	8.428596957	1.809089786	0.218112312
1899	0.2991891	8.489340102	1.817962643	0.217070624
1900	0.328510933	8.448911674	1.75351519	0.219705968
1901	0.273021467	8.52577013	1.667879143	0.207361892
1902	0.2784068	8.518246627	1.774370571	0.216224204
1903	0.386106992	8.37076329	1.446527048	0.203498935
1904	0.3501246	8.41938655	1.751691214	0.229211871
1905	0.452035733	8.283409853	2.019365405	0.239704903
1906	0.470661742	8.259137067	1.951962643	0.237713602
1907	0.397751375	8.355171297	1.882757738	0.218312312
1908	0.377500083	8.38233315	1.772798905	0.202220581
1909	0.33133205	8.445044509	2.058727048	0.242553022
1910	0.292615983	8.498460631	1.857962	0.220378151
1911	0.36188285	8.403424276	1.958593786	0.231166215
1912	0.342783117	8.429388727	2.038350071	0.24347128
1913	0.428604925	8.314197469	1.779672381	0.233651409
1914	0.367775217	8.395451855	2.235652	0.255871301
1915	0.386337058	8.370454548	1.914973024	0.24896672
1916	0.454860233	8.279717613	1.721001405	0.232734118
1917	0.403181217	8.347924667	1.839614619	0.237086043
1918	0.402271042	8.349138315	1.997151643	0.250838602
1919	0.317113067	8.464576356	1.648311214	0.214749785
1920	0.384886833	8.372401161	1.799927738	0.238650108
1921	0.384109425	8.373445111	1.754601952	0.220761667
1922	0.456890175	8.277066565	1.887956476	0.252843667
1923	0.4282782	8.314628782	2.162353738	0.272044968
1924	0.364811125	8.399460063	2.235963548	0.266319538
1925	0.303690975	8.483105547	2.100501452	0.237194204
1926	0.428531133	8.314294877	2.159431548	0.255016581
1927	0.310183242	8.474131921	2.186558071	0.250360366
1928	0.352466392	8.416201832	1.891587762	0.227234204
1929	0.389552917	8.366141836	2.060249833	0.24610771
1930	0.434047425	8.307020879	2.179462667	0.260681968
1931	0.494664683	8.22811844	2.444835143	0.278906602
1932	0.409169833	8.339950011	2.566288786	0.289110183
1933	0.469613258	8.260498696	2.386261476	0.265837355
1934	0.398527967	8.354133927	2.410879619	0.258820645
1935	0.553930708	8.152770971	2.545521214	0.284384194
1936	0.373192808	8.388137584	2.416234143	0.263044731
1937	0.3964443	8.356917991	2.271405976	0.265107355
1938	0.429253883	8.313340936	2.295046548	0.257193871
1939	0.472961767	8.256152072	2.453612929	0.283516226
1940	0.312020917	8.471595635	2.42301819	0.272660376
1941	0.442829042	8.295473505	2.352812548	0.28319443
1942	0.386613442	8.370083686	2.202953619	0.276026753
1943	0.672526167	8.007102959	2.26026331	0.292505516
1944	0.550117225	8.157566749	2.360147143	0.288926699
1945	0.497211808	8.22484399	2.463787571	0.30063457
1946	0.47451985	8.25413151	2.601392	0.301259387
1947	0.473126617	8.255938232	2.185291667	0.266055957
1948	0.583851917	8.115388754	2.361107738	0.295093785
1949	0.676013625	8.002918541	2.432929595	0.324562613
1950	0.540913217	8.169171044	2.400060548	0.290686591
1951	0.34785205	8.42247978	2.63690531	0.287512473
1952	0.664425008	8.016844424	2.635254024	0.326148204
1953	0.33353565	8.442026618	2.547141929	0.27309071
1954	0.551429783	8.15591529	2.434676667	0.305837473
1955	0.451771833	8.283755037	2.59307619	0.329638516
1956	0.382628983	8.375434001	2.680425595	0.309615591
1957	0.495242883	8.227374848	3.066398738	0.336701484
1958	0.361008958	8.404608178	2.550975	0.296548366
1959	0.388012217	8.368207364	3.073309452	0.309178527
1960	0.45459995	8.280057688	2.84225619	0.328593065
1961	0.500280025	8.220904004	3.162266619	0.32034514
1962	0.684122192	7.993210741	3.318619071	0.367846796
1963	0.371480492	8.390447741	3.350063571	0.341522796
1964	0.466502167	8.264542271	3.562154214	0.344693269
1965	0.556607508	8.14940893	3.015383667	0.332080538
1966	0.396455325	8.356903254	3.409579357	0.330074656
1967	0.378800975	8.380581966	3.166674786	0.329776602
1968	0.404588333	8.34604923	3.651429738	0.360091301
1969	0.247933233	8.56098956	3.270825833	0.306978075
1970	0.422645242	8.32207359	3.431744119	0.37375857
1971	0.543832217	8.165486284	3.944674429	0.428044935
1972	0.685853233	7.991142126	4.059359071	0.457724011
1973	0.61328785	8.079033526	3.697248595	0.413905559
1974	0.678175225	8.000327714	3.785519238	0.44423472
1975	0.407522325	8.34214204	4.005573833	0.422330935
1976	1.065087975	7.567574104	4.071443119	0.483681366
1977	0.695593325	7.979527648	4.203638905	0.484569387
1978	0.75407325	7.910673119	3.634462333	0.446363011
1979	0.521326867	8.194004844	3.600726095	0.43600529
1980	0.524502242	8.189965783	3.826250143	0.442542129
1981	0.759237325	7.904664062	4.285435976	0.496090065
1982	0.609467833	8.083728203	4.678715476	0.478639129
1983	1.3077463	7.323121821	4.702991857	0.569428323
1984	0.944800967	7.69594144	5.015221381	0.613327398
1985	0.869300483	7.779221503	3.941224167	0.516611
1986	1.0468542	7.586706644	3.99540581	0.574697484
1987	1.395204242	7.239290125	4.127949452	0.644804871
1988	1.205201025	7.424203916	4.172079714	0.610067699
1989	1.653346625	7.003415382	3.600952119	0.637997151
1990	1.963541417	6.739916768	3.927085762	0.632623344
1991	1.480427025	7.159580122	2.695571643	0.583610043
1992	2.695968742	6.185562744	3.180816643	0.695846441
1993	2.2512091	6.512007823	3.61066319	0.686240172
1994	1.32196295	7.309349568	3.329619857	0.549358935
1995	1.819763983	6.859570864	4.0661775	0.660838978
1996	1.082239142	7.549680341	4.139160429	0.569780086
1997	1.527103725	7.116711649	4.145478667	0.623760172
1998	2.088886217	6.638818081	4.216357857	0.65703314
1999	1.688009283	6.972954941	4.290362214	0.609922828
2000	2.3797459	6.41465373	4.210266595	0.670549441
2001	1.379117483	7.254551975	3.340711214	0.523876753
2002	1.395074508	7.239412926	3.763502167	0.605621581
2003	1.996717567	6.712876139	3.930227333	0.660627892
2004	1.99643675	6.713104156	3.638043262	0.706137065
2005	2.630624033	6.231760365	3.666488071	0.774069903
2006	2.152061567	6.5889307	3.359447738	0.700489699
2007	1.8725441	6.815169673	4.70754519	0.750595043
2008	0.800517317	7.857033941	3.453083262	0.661738312
2009	2.337784517	6.446150355	2.318009405	0.684078645
2010	2.221133775	6.535168701	3.109861524	0.676738796
2011	1.831195917	6.849905656	2.842862405	0.627856806
2012	2.604496767	6.250392572	3.35745519	0.689692581
2013	2.581870258	6.266603749	2.472990024	0.627359495
2014	2.035134558	6.681819965	2.642403952	0.597010194
2015	1.759796675	6.910716115	2.619757214	0.573170581
2016	2.100622417	6.629497625	2.224020476	0.533429097
2017	2.363456958	6.426848171	3.388947881	0.705339065
2018	2.133700625	6.603358174	3.204041286	0.734872849
2019	2.511087017	6.317778604	3.398198048	0.763456097
2020	1.82064435	6.858825596	3.417928905	0.66911457
2021	1.892667817	6.798388195	3.740151476	0.675596204
2022	2.338018667	6.445973844	3.828565786	0.704496925
2023	2.201802167	6.55013467	3.131149048	0.682767613
2024	2.425325933	6.380745013	3.864177714	0.702332151
2025	2.168822483	6.575810927	4.074435381	0.845947419
2026	2.620023292	6.239308905	3.615480571	0.788576785
2027	2.633523317	6.229698503	2.766500214	0.725568204
2028	2.092332725	6.636078467	3.104352405	0.620407548
2029	1.861567225	6.82435752	3.261494357	0.642877065
2030	0.884066867	7.762761782	3.33249619	0.697780645
2031	2.74722105	6.14972131	3.655978929	0.832253075
2032	2.432339817	6.375554798	3.216005	0.736959387
2033	2.110186283	6.621920301	3.075501833	0.588898462
2034	2.236768158	6.52311022	2.800435476	0.601690892
2035	2.281828442	6.488579195	3.310338167	0.683742097
2036	0.251679283	8.555713517	3.483916571	0.782244516
2037	2.851012792	6.078162498	3.034920095	0.934723172
2038	2.925106275	6.027890052	2.4216745	0.797722441
2039	2.94245	6.016217184	3.141342571	0.799163495
2040	2.791096117	6.119306865	4.520917071	0.910548194
2041	3.269213325	5.802640643	3.604575429	0.874924677
2042	2.510375233	6.31829681	4.28260131	0.852610215
2043	2.538830583	6.297636466	5.021579452	0.848715602
2044	2.460249808	6.354973826	3.151888929	0.750107871
2045	3.078912842	5.925588946	3.022279619	0.746456419
2046	2.388953817	6.407778301	4.021630762	0.747054892
2047	3.501053092	5.657873277	4.143529357	0.881755516
2048	0.54250385	8.167162608	3.374120595	0.878806269
2049	3.140983533	5.885058859	3.46151869	1.097930634
2050	2.918184383	6.032558651	4.520266738	0.985793742
2051	3.30297205	5.781227863	3.977929667	0.942606839
2052	3.24755795	5.816438119	3.650161595	0.871519097
2053	3.287165408	5.791239321	4.556899048	0.895558409
2054	3.512133975	5.651084532	3.154892405	0.832090581
2055	2.979586342	5.991342072	3.144391	0.799566409
2056	1.613910783	7.038403444	4.006251548	0.877545892
2057	0.338589417	8.435114607	5.129516881	1.073715301
2058	4.076627392	5.319530678	2.837580476	1.217976376
2059	2.160863833	6.582034664	3.717574952	1.095750269
2060	4.302620467	5.193959222	5.284099286	1.17993443
2061	3.521849508	5.64514176	4.237363	0.950935366
2062	3.566884008	5.617709987	4.280090643	0.887256656
2063	2.745837208	6.150684588	4.23940769	0.858619183
2064	1.92137505	6.774587071	3.468210619	0.888434591
2065	2.6879832	6.191177988	4.3587525	1.090894516
2066	4.03146275	5.345088882	5.203019429	1.098508957
2067	1.51018245	7.132189445	6.234773214	0.978088527
2068	4.283285067	5.204555843	3.622330381	1.060831419
2069	3.181045	5.859122573	3.769577024	0.907743419
2070	3.178685533	5.860645348	4.657189167	1.003853989
2071	3.460986725	5.682517021	4.139075095	1.011085753
2072	3.082694417	5.923107556	4.604245571	0.960181247
2073	2.914329192	6.035161328	4.281313286	0.886108548
2074	3.560353183	5.621676455	3.745716119	0.933946269
2075	2.85466755	6.07566715	3.829675976	0.916678548
2076	2.861610383	6.070931311	3.954870881	0.966709237
2077	3.445860017	5.691860873	2.918994786	0.850551538
2078	2.891747542	6.050442092	4.792848262	1.003029613
2079	3.718381275	5.526780868	5.668338429	1.104434011
2080	3.109915608	5.905292287	4.399839119	0.913298591
2081	3.00996605	5.971111781	3.649592095	0.970861645
2082	3.39256715	5.724956477	4.402204262	1.07880643
2083	3.4480796	5.690488449	5.772642786	1.133878043
2084	2.200064242	6.551483168	4.357122381	0.889411183
2085	4.013080983	5.355536482	6.319063976	1.041981065
2086	2.988975908	5.985078062	4.652031786	0.988243527
2087	3.48316045	5.668859724	5.441446429	0.994999204
2088	3.223600042	5.831759418	3.898013286	0.818929366
2089	2.203120325	6.549112216	4.739753667	1.019188505
2090	3.85971985	5.44375424	5.902729667	1.064011903
2091	3.842488417	5.453786231	4.167135643	0.979626656
2092	3.98171865	5.373423291	4.740434524	0.935590968
2093	3.701130825	5.537031732	6.665264048	1.010355828
2094	3.438579317	5.696366045	6.422890071	1.077638505
2095	4.139106183	5.28443322	5.110786952	1.118431527
2096	3.677129283	5.551337765	4.417527595	0.874431817
2097	2.953762583	6.008622568	4.007946119	0.911321376
2098	2.766619625	6.136243942	4.115546929	0.878088097
2099	3.923670858	5.406736555	4.256914238	1.063657215
2100	3.710574817	5.531416538	4.476400286	0.986207269
2101	3.769878408	5.496332891	4.753333024	1.092269237
2102	1.782188858	6.89152976	3.93180481	1.088177527
2103	3.929983167	5.403100814	4.507563476	1.130214968
2104	3.91249845	5.413179525	4.568064881	1.040379742
2105	3.778398633	5.491317237	3.612029429	0.96207471
2106	4.134719575	5.286887707	4.409525238	1.03474271
2107	3.288345083	5.790491269	4.35677719	0.92941371
2108	3.764071092	5.499755077	5.582662833	1.200188247
2109	2.811712458	6.105099408	5.986026143	1.085755731
2110	4.450364567	5.108666131	5.279199524	1.134353032
2111	3.216697108	5.836185054	4.568067667	0.889856172
2112	3.315921	5.773045318	3.476725905	0.942367527
2113	3.714107192	5.529318267	3.973897952	1.039665344
2114	3.243652183	5.818931808	4.486919405	1.019340312
2115	3.537781567	5.635415576	5.094619095	1.126896677
2116	2.829727717	6.092727841	3.018453476	0.980336774
2117	4.047434767	5.33603237	4.340805595	1.019229677
2118	3.746612625	5.510060584	3.807598524	0.999518484
2119	3.601963575	5.596471472	3.532794929	1.006227785
2120	3.258436358	5.809501	5.424934714	1.246313484
2121	3.259454508	5.808852357	3.789702452	1.00334372
2122	3.336429542	5.760120475	3.215426833	0.947812032
2123	3.349630083	5.751823611	4.762777429	1.005463398
2124	3.801951475	5.477484389	5.29985381	1.07338414
2125	3.153261533	5.877091565	4.228093476	0.981145828
2126	3.40152995	5.719371099	3.524728857	1.027611978
2127	3.947586825	5.392978535	3.382811095	0.970500097
2128	4.659108242	4.951631941	4.482061952	1.102759785
2129	3.792492783	5.483033926	6.058261262	1.276633183
2130	4.16212125	5.271579108	4.208485071	1.073222151
2131	3.308385208	5.777805177	4.8565705	0.972597785
2132	3.809059975	5.473318721	4.114468738	0.974343925
2133	4.006863933	5.359076061	5.377770024	1.014564333
2134	3.370870592	5.73850991	4.283947571	0.928105495
2135	3.762842533	5.500479423	3.91534419	0.959738129
2136	3.320989292	5.769847247	3.773665381	0.86559272
2137	3.62800935	5.580774738	3.484709881	0.880042366
2138	3.685052758	5.546609398	3.30759319	1.036681849
2139	4.21437415	5.242542323	5.692993643	1.220518333
2140	1.866805908	6.819969631	4.4934435	1.079516989
2141	4.649305267	4.95880766	5.697370286	1.333972226
2142	3.480688342	5.670380034	4.219967571	1.066984344
2143	3.492328642	5.663226485	3.294122	1.03438072
2144	4.50517865	5.066552428	4.028949262	1.182219226
2145	3.983821975	5.372221268	4.031005524	1.10350272
2146	3.88397345	5.429675674	4.4841035	1.085365699
2147	3.852384608	5.448021737	4.808798262	1.164745667
2148	2.427319767	6.379268848	6.124372286	1.089671946
2149	4.52698785	5.049973547	5.605472095	1.322614108
2150	1.973553867	6.731734158	4.846955452	1.046640978
2151	4.318986933	5.185010646	5.92262681	1.225650032
2152	3.827142842	5.462741131	3.957756524	1.06135514
2153	3.435007275	5.698578232	5.371968571	1.186346226
2154	0.444399025	8.293413248	4.344236762	1.184502839
2155	5.607652458	4.336938292	3.886670143	1.378315376
2156	4.529759733	5.047873564	5.074261405	1.200961817
2157	3.703440533	5.535657708	4.459698548	1.050984602
2158	4.196564925	5.252416085	4.209885048	1.092230247
2159	3.555901942	5.624382151	4.824271071	0.934277011
2160	2.286490092	6.485025529	5.610780143	1.187816075
2161	4.9213395	4.766498145	6.25547781	1.327133333
2162	3.834347708	5.458534284	4.533880357	1.20065314
2163	3.498652908	5.659345281	5.34641019	1.121661269
2164	4.149890033	5.278405386	4.868867214	1.134890849
2165	4.328922908	5.179587346	6.303092619	1.324524301
2166	3.594905942	5.600735407	4.455401548	1.040905925
2167	4.107617792	5.302084606	4.215286952	1.141833667
2168	3.5336679	5.637924616	3.835423024	1.111500204
2169	4.249197925	5.223302792	4.213352929	1.12704472
2170	4.0455219	5.337115963	4.607792786	1.083340774
2171	3.366309392	5.741365123	5.233208595	1.034740097
2172	3.27053405	5.801800725	3.311773738	0.763433258
2173	3.7883384	5.485473754	4.651661643	1.041568032
2174	3.538491017	5.634983021	4.108957	1.085608387
2175	1.889166242	6.801302436	3.726553024	1.070187032
2176	4.205233433	5.247607177	4.886142143	1.195781785
2177	3.707316083	5.533353229	5.559185738	1.111526355
2178	3.577772217	5.6111058	5.831777238	1.151172677
2179	4.433674875	5.12161703	3.836633714	1.065279
2180	3.980440042	5.374154171	5.124008429	1.065716968
2181	4.337043608	5.175160079	4.907762762	1.049028677
2182	3.470446817	5.676684606	4.443702214	0.999195484
2183	3.5192255	5.646745935	4.709780333	1.144262172
2184	4.7703831	4.871493496	3.574263762	1.105991581
2185	3.621986258	5.584399165	4.277935762	1.013524677
2186	3.323343333	5.768362739	7.111987333	1.194500559
2187	2.732506175	6.159976798	5.73933069	1.018133968
2188	3.533272108	5.638166104	4.845302786	1.188847376
2189	3.5164997	5.648413023	2.946170881	0.973729602
2190	3.491360833	5.663820762	4.151204857	1.039511054
2191	4.050093483	5.334526745	6.81161769	1.249528946
2192	4.305780908	5.192229717	5.474536214	1.16640672
2193	4.408712758	5.136288658	4.277019524	1.071601559
2194	3.639988975	5.573575628	4.576559238	1.073226914
2195	3.806486775	5.474826155	3.953225452	1.107488505
2196	3.806943583	5.474558507	4.920262929	1.124724731
2197	3.167069792	5.868150704	4.625077905	1.067639624
2198	3.724885908	5.522922308	4.737497667	1.058318688
2199	3.332376483	5.762671427	4.615247833	1.074478527
2200	3.578284558	5.61079531	5.573874857	1.045923495
